local Sp63CyNubQHENT = 972819
for gBl4T = 1, 4 do local wcGpcmci = gBl4T end
local NBObuRdyRCHp = (58 * 95)
local RjLTlqocipyHL = "DWNpzYFPLTJlvi"
local RKGNDZz5JWQ3Q = math.huge
local m0hZTWkcuew13Iaw = math.pi
do local XlKMx492TE = 4154 end
local NsDpE3GjOdqR3VeD = 745018
local cGbx0YMJr = 333754
do local xk3RtINJn6 = 1766 end
for X5e8b = 1, 2 do local uuPxUbR3 = X5e8b end
local sYdSmrp50stYIbm = (97 * 54)
local XZCgs3g9hGOT = math.random()
do local K3DDdGwko4 = 1633 end
local function L6rb5U7Lmvhbc5(F2oytl,y5o7i1)
    local x3qo1H,DfNc76=0,1
    while F2oytl>0 or y5o7i1>0 do
        if (F2oytl%2)~=(y5o7i1%2) then x3qo1H=x3qo1H+DfNc76 end
        F2oytl=math.floor(F2oytl/2)
        y5o7i1=math.floor(y5o7i1/2)
        DfNc76=DfNc76*2
    end
    return x3qo1H
end
local ILGGWUIcUimhzI = {246, 148, 23, 224, 188, 95, 126, 104, 244, 159, 27, 246, 240, 95, 20, 33, 197, 188, 90, 196, 152, 32, 126, 104, 244, 159, 27, 246, 218, 19, 70, 98, 251, 151, 84, 205, 185, 29, 91, 96, 232, 130, 84, 188, 240, 32, 110, 47, 223, 179, 43, 205, 185, 29, 91, 96, 232, 130, 126, 139, 253, 82, 9, 227, 14, 123, 150, 21, 80, 157, 189, 129, 186, 185, 1, 232, 188, 27, 9, 108, 251, 139, 7, 161, 177, 11, 9, 109, 245, 154, 16, 161, 164, 22, 68, 100, 186, 25, 224, 1, 50, 235, 169, 227, 14, 123, 150, 21, 80, 157, 189, 129, 120, 111, 244, 99, 68, 255, 203, 149, 26, 25, 224, 1, 50, 235, 169, 227, 14, 123, 150, 21, 80, 157, 189, 129, 120, 111, 244, 99, 68, 255, 203, 149, 26, 25, 224, 1, 50, 235, 169, 227, 14, 123, 150, 21, 80, 157, 189, 129, 120, 111, 244, 99, 68, 255, 203, 149, 26, 25, 224, 1, 50, 235, 169, 227, 14, 123, 150, 21, 80, 157, 189, 129, 120, 111, 244, 99, 68, 255, 203, 149, 26, 25, 224, 1, 50, 235, 169, 227, 14, 123, 150, 21, 80, 157, 189, 129, 120, 111, 244, 99, 68, 255, 203, 149, 26, 25, 224, 1, 50, 235, 169, 227, 14, 123, 150, 21, 80, 157, 189, 129, 120, 111, 244, 99, 68, 255, 203, 149, 26, 25, 224, 1, 50, 235, 169, 11, 183, 214, 84, 222, 163, 20, 64, 111, 215, 154, 4, 218, 179, 30, 93, 79, 251, 150, 17, 220, 240, 66, 9, 122, 184, 168, 31, 232, 190, 62, 11, 45, 184, 168, 31, 232, 190, 61, 11, 45, 180, 213, 90, 252, 240, 95, 1, 103, 232, 148, 25, 161, 130, 44, 7, 82, 241, 146, 26, 242, 240, 25, 70, 109, 254, 158, 6, 242, 249, 117, 4, 44, 186, 164, 29, 239, 166, 54, 93, 100, 247, 136, 84, 188, 240, 19, 64, 114, 238, 219, 27, 231, 240, 22, 71, 119, 255, 149, 0, 238, 162, 6, 9, 104, 238, 158, 25, 161, 190, 30, 68, 100, 233, 241, 89, 172, 240, 32, 64, 117, 255, 150, 32, 238, 147, 30, 93, 90, 243, 143, 17, 236, 158, 30, 68, 100, 199, 219, 73, 161, 179, 30, 93, 79, 251, 150, 17, 161, 240, 87, 75, 100, 233, 143, 89, 230, 165, 26, 90, 114, 186, 150, 21, 245, 179, 23, 0, 11, 144, 151, 27, 226, 177, 19, 9, 94, 233, 144, 29, 239, 157, 30, 89, 33, 186, 198, 84, 250, 173, 117, 69, 110, 249, 154, 24, 161, 143, 22, 71, 119, 211, 143, 17, 236, 163, 95, 20, 33, 225, 217, 92, 242, 181, 19, 76, 98, 238, 219, 29, 245, 181, 18, 0, 35, 231, 241, 24, 238, 179, 30, 69, 33, 197, 146, 0, 228, 189, 43, 70, 66, 251, 143, 84, 188, 240, 4, 84, 11, 144, 139, 23, 224, 188, 19, 1, 103, 239, 149, 23, 245, 185, 16, 71, 41, 179, 241, 84, 161, 240, 95, 69, 110, 249, 154, 24, 161, 163, 20, 64, 111, 233, 189, 27, 237, 180, 26, 91, 33, 167, 219, 19, 224, 189, 26, 19, 70, 255, 143, 39, 228, 162, 9, 64, 98, 255, 211, 86, 211, 181, 15, 69, 104, 249, 154, 0, 228, 180, 44, 93, 110, 232, 154, 19, 228, 242, 86, 19, 71, 243, 149, 16, 199, 185, 13, 90, 117, 217, 147, 29, 237, 180, 87, 11, 82, 241, 146, 26, 242, 242, 86, 35, 33, 186, 219, 84, 232, 182, 95, 90, 106, 243, 149, 7, 199, 191, 19, 77, 100, 232, 219, 0, 233, 181, 17, 35, 33, 186, 219, 84, 161, 240, 95, 9, 103, 245, 137, 84, 222, 252, 95, 74, 96, 238, 189, 27, 237, 180, 26, 91, 33, 243, 149, 84, 232, 160, 30, 64, 115, 233, 211, 7, 234, 185, 17, 90, 71, 245, 151, 16, 228, 162, 69, 110, 100, 238, 184, 28, 232, 188, 27, 91, 100, 244, 211, 93, 168, 240, 27, 70, 11, 186, 219, 84, 161, 240, 95, 9, 33, 186, 219, 84, 161, 188, 16, 74, 96, 246, 219, 24, 232, 163, 11, 9, 60, 186, 128, 9, 139, 240, 95, 9, 33, 186, 219, 84, 161, 240, 95, 9, 33, 252, 148, 6, 161, 143, 83, 9, 114, 241, 146, 26, 161, 185, 17, 9, 104, 234, 154, 29, 243, 163, 87, 74, 96, 238, 189, 27, 237, 180, 26, 91, 59, 221, 158, 0, 194, 184, 22, 69, 101, 232, 158, 26, 169, 249, 86, 9, 101, 245, 241, 84, 161, 240, 95, 9, 33, 186, 219, 84, 161, 240, 95, 9, 33, 186, 219, 24, 238, 179, 30, 69, 33, 251, 143, 0, 243, 158, 30, 68, 100, 144, 219, 84, 161, 240, 95, 9, 33, 186, 219, 84, 161, 240, 95, 9, 33, 186, 146, 18, 161, 179, 30, 93, 71, 245, 151, 16, 228, 162, 81, 103, 96, 247, 158, 84, 188, 237, 95, 11, 76, 255, 151, 17, 228, 242, 95, 93, 105, 255, 149, 126, 161, 240, 95, 9, 33, 186, 219, 84, 161, 240, 95, 9, 33, 186, 219, 84, 161, 240, 95, 9, 96, 238, 143, 6, 207, 177, 18, 76, 33, 167, 219, 7, 234, 185, 17, 19, 70, 255, 143, 53, 245, 164, 13, 64, 99, 239, 143, 17, 169, 242, 50, 70, 101, 255, 151, 39, 234, 185, 17, 11, 40, 144, 219, 84, 161, 240, 95, 9, 33, 186, 219, 84, 161, 240, 95, 9, 33, 186, 219, 84, 161, 240, 95, 9, 33, 186, 219, 84, 161, 191, 13, 9, 114, 241, 146, 26, 187, 151, 26, 93, 64, 238, 143, 6, 232, 178, 10, 93, 100, 178, 217, 58, 224, 189, 26, 11, 40, 144, 219, 84, 161, 240, 95, 9, 33, 186, 219, 84, 161, 240, 95, 9, 33, 186, 219, 84, 161, 240, 95, 9, 33, 186, 219, 84, 161, 191, 13, 9, 114, 241, 146, 26, 175, 158, 30, 68, 100, 144, 219, 84, 161, 240, 95, 9, 33, 186, 219, 84, 161, 240, 95, 9, 33, 186, 219, 84, 161, 240, 82, 4, 33, 233, 144, 29, 241, 240, 59, 127, 51, 183, 153, 24, 224, 179, 20, 69, 104, 233, 143, 17, 229, 240, 18, 76, 109, 255, 158, 84, 242, 187, 22, 71, 114, 144, 219, 84, 161, 240, 95, 9, 33, 186, 219, 84, 161, 240, 95, 9, 33, 186, 219, 84, 161, 240, 19, 70, 98, 251, 151, 84, 222, 180, 9, 27, 67, 246, 154, 23, 234, 188, 22, 90, 117, 186, 198, 84, 250, 218, 95, 9, 33, 186, 219, 84, 161, 240, 95, 9, 33, 186, 219, 84, 161, 240, 95, 9, 33, 186, 219, 84, 161, 240, 62, 71, 96, 232, 152, 28, 248, 132, 16, 68, 96, 242, 154, 3, 234, 237, 11, 91, 116, 255, 215, 84, 198, 162, 26, 72, 117, 233, 140, 27, 243, 180, 66, 93, 115, 239, 158, 88, 139, 240, 95, 9, 33, 186, 219, 84, 161, 240, 95, 9, 33, 186, 219, 84, 161, 240, 95, 9, 33, 186, 219, 84, 161, 153, 28, 76, 64, 226, 158, 73, 245, 162, 10, 76, 45, 186, 176, 21, 243, 177, 18, 75, 104, 238, 198, 0, 243, 165, 26, 5, 33, 201, 152, 13, 245, 184, 26, 20, 117, 232, 142, 17, 139, 240, 95, 9, 33, 186, 219, 84, 161, 240, 95, 9, 33, 186, 219, 84, 161, 240, 95, 9, 33, 231, 241, 84, 161, 240, 95, 9, 33, 186, 219, 84, 161, 240, 95, 9, 33, 186, 219, 84, 161, 240, 95, 64, 103, 186, 164, 16, 247, 226, 61, 69, 96, 249, 144, 24, 232, 163, 11, 114, 96, 238, 143, 6, 207, 177, 18, 76, 92, 186, 143, 28, 228, 190, 95, 72, 117, 238, 137, 58, 224, 189, 26, 9, 60, 186, 149, 29, 237, 240, 26, 71, 101, 144, 219, 84, 161, 240, 95, 9, 33, 186, 219, 84, 161, 240, 95, 9, 33, 186, 158, 24, 242, 181, 117, 9, 33, 186, 219, 84, 161, 240, 95, 9, 33, 186, 219, 84, 161, 240, 95, 9, 33, 186, 219, 21, 245, 164, 13, 103, 96, 247, 158, 84, 188, 240, 12, 66, 104, 244, 213, 58, 224, 189, 26, 35, 33, 186, 219, 84, 161, 240, 95, 9, 33, 186, 219, 84, 161, 240, 95, 9, 100, 244, 159, 126, 161, 240, 95, 9, 33, 186, 219, 84, 161, 240, 95, 9, 33, 186, 219, 84, 232, 182, 95, 72, 117, 238, 137, 58, 224, 189, 26, 9, 117, 242, 158, 26, 161, 188, 22, 90, 117, 193, 216, 24, 232, 163, 11, 9, 42, 186, 202, 41, 161, 237, 95, 72, 117, 238, 137, 58, 224, 189, 26, 9, 100, 244, 159, 126, 161, 240, 95, 9, 33, 186, 219, 84, 161, 240, 95, 9, 100, 244, 159, 126, 161, 240, 95, 9, 33, 186, 219, 84, 161, 240, 95, 9, 117, 251, 153, 24, 228, 254, 12, 70, 115, 238, 211, 24, 232, 163, 11, 0, 11, 186, 219, 84, 161, 240, 95, 9, 33, 186, 219, 84, 161, 143, 12, 66, 104, 244, 182, 21, 241, 139, 28, 72, 117, 220, 148, 24, 229, 181, 13, 7, 79, 251, 150, 17, 220, 240, 66, 9, 109, 243, 136, 0, 139, 240, 95, 9, 33, 186, 219, 84, 161, 181, 17, 77, 11, 186, 219, 84, 161, 181, 17, 77, 11, 255, 149, 16, 168, 218, 117, 89, 98, 251, 151, 24, 169, 182, 10, 71, 98, 238, 146, 27, 239, 248, 86, 35, 33, 186, 219, 84, 237, 191, 28, 72, 109, 186, 137, 7, 161, 240, 66, 9, 102, 251, 150, 17, 187, 151, 26, 93, 82, 255, 137, 2, 232, 179, 26, 1, 35, 200, 158, 4, 237, 185, 28, 72, 117, 255, 159, 39, 245, 191, 13, 72, 102, 255, 217, 93, 139, 240, 95, 9, 33, 246, 148, 23, 224, 188, 95, 64, 111, 236, 219, 73, 161, 162, 12, 7, 81, 246, 154, 13, 228, 162, 12, 35, 33, 186, 219, 84, 161, 240, 95, 9, 33, 186, 219, 84, 161, 177, 17, 77, 33, 232, 136, 90, 209, 188, 30, 80, 100, 232, 136, 78, 199, 185, 17, 77, 71, 243, 137, 7, 245, 147, 23, 64, 109, 254, 211, 4, 237, 177, 6, 76, 115, 180, 181, 21, 236, 181, 86, 35, 33, 186, 219, 84, 161, 240, 95, 9, 33, 186, 219, 84, 161, 177, 17, 77, 33, 232, 136, 90, 209, 188, 30, 80, 100, 232, 136, 47, 241, 188, 30, 80, 100, 232, 213, 58, 224, 189, 26, 116, 59, 220, 146, 26, 229, 150, 22, 91, 114, 238, 184, 28, 232, 188, 27, 1, 35, 211, 149, 2, 228, 190, 11, 70, 115, 227, 217, 93, 139, 240, 95, 9, 33, 243, 157, 84, 232, 190, 9, 9, 117, 242, 158, 26, 139, 240, 95, 9, 33, 186, 219, 84, 161, 188, 16, 74, 96, 246, 219, 26, 224, 189, 26, 90, 33, 167, 219, 15, 252, 218, 95, 9, 33, 186, 219, 84, 161, 240, 25, 70, 115, 186, 164, 88, 161, 185, 11, 76, 108, 186, 146, 26, 161, 185, 15, 72, 104, 232, 136, 92, 232, 190, 9, 19, 70, 255, 143, 55, 233, 185, 19, 77, 115, 255, 149, 92, 168, 249, 95, 77, 110, 144, 219, 84, 161, 240, 95, 9, 33, 186, 219, 84, 161, 240, 17, 72, 108, 255, 136, 47, 162, 190, 30, 68, 100, 233, 219, 95, 161, 225, 34, 9, 60, 186, 146, 0, 228, 189, 81, 103, 96, 247, 158, 126, 161, 240, 95, 9, 33, 186, 219, 84, 228, 190, 27, 35, 33, 186, 219, 84, 161, 240, 95, 9, 117, 251, 153, 24, 228, 254, 12, 70, 115, 238, 211, 26, 224, 189, 26, 90, 40, 144, 219, 84, 161, 240, 95, 9, 33, 186, 157, 27, 243, 240, 32, 5, 33, 244, 219, 29, 239, 240, 22, 89, 96, 243, 137, 7, 169, 190, 30, 68, 100, 233, 210, 84, 229, 191, 117, 9, 33, 186, 219, 84, 161, 240, 95, 9, 33, 186, 219, 43, 232, 190, 9, 96, 117, 255, 150, 7, 218, 243, 32, 64, 111, 236, 178, 0, 228, 189, 12, 9, 42, 186, 202, 41, 161, 237, 95, 71, 11, 186, 219, 84, 161, 240, 95, 9, 33, 186, 219, 84, 161, 253, 82, 9, 105, 251, 137, 16, 226, 191, 27, 76, 101, 186, 148, 2, 228, 162, 13, 64, 101, 255, 136, 84, 231, 191, 13, 9, 106, 244, 148, 3, 239, 240, 18, 64, 114, 247, 154, 0, 226, 184, 26, 90, 11, 186, 219, 84, 161, 240, 95, 9, 33, 186, 219, 84, 161, 188, 16, 74, 96, 246, 219, 43, 238, 166, 26, 91, 115, 243, 159, 17, 242, 240, 66, 9, 122, 144, 219, 84, 161, 240, 95, 9, 33, 186, 219, 84, 161, 240, 95, 9, 33, 186, 160, 86, 197, 134, 77, 11, 92, 186, 219, 73, 161, 242, 50, 76, 109, 255, 158, 86, 173, 218, 95, 9, 33, 186, 219, 84, 161, 240, 95, 9, 33, 186, 219, 84, 161, 240, 36, 11, 69, 204, 214, 70, 163, 141, 95, 20, 33, 184, 182, 17, 237, 181, 26, 11, 45, 144, 219, 84, 161, 240, 95, 9, 33, 186, 219, 84, 161, 240, 2, 35, 33, 186, 219, 84, 161, 240, 95, 9, 33, 186, 219, 84, 232, 182, 95, 118, 110, 236, 158, 6, 243, 185, 27, 76, 114, 193, 149, 41, 161, 164, 23, 76, 111, 144, 219, 84, 161, 240, 95, 9, 33, 186, 219, 84, 161, 240, 95, 9, 33, 186, 164, 29, 245, 181, 18, 125, 110, 217, 154, 0, 218, 190, 34, 9, 60, 186, 164, 27, 247, 181, 13, 91, 104, 254, 158, 7, 218, 190, 34, 35, 33, 186, 219, 84, 161, 240, 95, 9, 33, 186, 219, 84, 228, 188, 12, 76, 104, 252, 219, 43, 242, 187, 22, 71, 76, 251, 139, 47, 239, 141, 95, 93, 105, 255, 149, 126, 161, 240, 95, 9, 33, 186, 219, 84, 161, 240, 95, 9, 33, 186, 219, 84, 222, 185, 11, 76, 108, 206, 148, 55, 224, 164, 36, 71, 92, 186, 198, 84, 239, 218, 95, 9, 33, 186, 219, 84, 161, 240, 95, 9, 33, 186, 158, 24, 242, 181, 117, 9, 33, 186, 219, 84, 161, 240, 95, 9, 33, 186, 219, 84, 161, 240, 95, 79, 110, 232, 219, 23, 224, 164, 83, 9, 94, 186, 146, 26, 161, 160, 30, 64, 115, 233, 211, 43, 242, 187, 22, 71, 76, 251, 139, 93, 161, 180, 16, 35, 33, 186, 219, 84, 161, 240, 95, 9, 33, 186, 219, 84, 161, 240, 95, 9, 33, 186, 219, 84, 232, 182, 95, 71, 59, 246, 148, 3, 228, 162, 87, 0, 59, 252, 146, 26, 229, 248, 28, 72, 117, 160, 151, 27, 246, 181, 13, 1, 40, 182, 219, 69, 173, 240, 11, 91, 116, 255, 210, 84, 238, 162, 117, 9, 33, 186, 219, 84, 161, 240, 95, 9, 33, 186, 219, 84, 161, 240, 95, 9, 33, 186, 219, 84, 161, 240, 28, 72, 117, 160, 151, 27, 246, 181, 13, 1, 40, 160, 157, 29, 239, 180, 87, 71, 59, 246, 148, 3, 228, 162, 87, 0, 45, 186, 202, 88, 161, 164, 13, 92, 100, 179, 219, 0, 233, 181, 17, 35, 33, 186, 219, 84, 161, 240, 95, 9, 33, 186, 219, 84, 161, 240, 95, 9, 33, 186, 219, 84, 161, 240, 95, 9, 94, 243, 143, 17, 236, 132, 16, 106, 96, 238, 160, 26, 220, 240, 66, 9, 98, 251, 143, 126, 161, 240, 95, 9, 33, 186, 219, 84, 161, 240, 95, 9, 33, 186, 219, 84, 161, 240, 95, 9, 33, 186, 219, 84, 227, 162, 26, 72, 106, 144, 219, 84, 161, 240, 95, 9, 33, 186, 219, 84, 161, 240, 95, 9, 33, 186, 219, 84, 161, 240, 26, 71, 101, 144, 219, 84, 161, 240, 95, 9, 33, 186, 219, 84, 161, 240, 95, 9, 33, 186, 158, 26, 229, 218, 95, 9, 33, 186, 219, 84, 161, 240, 95, 9, 33, 186, 158, 26, 229, 218, 95, 9, 33, 186, 219, 84, 161, 240, 26, 71, 101, 144, 219, 84, 161, 240, 26, 71, 101, 144, 158, 26, 229, 249, 117, 35, 44, 183, 219, 150, 21, 80, 157, 189, 129, 120, 111, 244, 161, 132, 30, 75, 33, 120, 111, 244, 99, 68, 255, 203, 149, 26, 25, 224, 1, 50, 235, 169, 227, 14, 123, 150, 21, 80, 157, 189, 129, 120, 111, 244, 99, 68, 255, 203, 149, 26, 25, 224, 1, 50, 235, 169, 227, 14, 123, 150, 21, 80, 157, 189, 129, 120, 111, 244, 99, 68, 255, 203, 149, 26, 25, 224, 1, 50, 235, 169, 227, 14, 123, 150, 21, 80, 157, 189, 129, 120, 111, 244, 99, 68, 255, 203, 149, 26, 25, 224, 1, 50, 235, 169, 227, 14, 123, 150, 21, 80, 157, 189, 129, 120, 111, 244, 99, 68, 255, 203, 149, 26, 25, 224, 1, 50, 235, 169, 227, 14, 123, 150, 21, 80, 157, 189, 129, 120, 111, 244, 99, 68, 255, 203, 149, 26, 25, 224, 1, 50, 235, 169, 227, 14, 123, 150, 21, 80, 157, 189, 129, 120, 111, 244, 99, 68, 255, 203, 149, 26, 25, 224, 1, 50, 235, 169, 227, 14, 123, 150, 21, 80, 157, 189, 129, 120, 111, 244, 99, 68, 255, 203, 149, 26, 25, 224, 1, 50, 235, 169, 227, 14, 123, 150, 21, 80, 157, 189, 129, 120, 111, 244, 99, 68, 255, 203, 149, 26, 25, 224, 1, 50, 235, 169, 227, 14, 123, 126, 237, 191, 28, 72, 109, 186, 168, 31, 232, 190, 12, 125, 96, 248, 219, 73, 161, 135, 22, 71, 101, 245, 140, 78, 213, 177, 29, 1, 35, 233, 144, 29, 239, 163, 93, 0, 11, 246, 148, 23, 224, 188, 95, 121, 104, 249, 144, 39, 228, 179, 11, 64, 110, 244, 219, 73, 161, 131, 20, 64, 111, 233, 175, 21, 227, 234, 44, 76, 98, 238, 146, 27, 239, 248, 93, 90, 106, 243, 149, 84, 226, 184, 30, 71, 102, 255, 137, 86, 173, 240, 93, 101, 100, 252, 143, 86, 168, 218, 117, 4, 44, 186, 25, 224, 1, 50, 235, 169, 227, 14, 123, 84, 210, 164, 30, 93, 100, 186, 25, 224, 1, 50, 235, 169, 227, 14, 123, 150, 21, 80, 157, 189, 129, 120, 111, 244, 99, 68, 255, 203, 149, 26, 25, 224, 1, 50, 235, 169, 227, 14, 123, 150, 21, 80, 157, 189, 129, 120, 111, 244, 99, 68, 255, 203, 149, 26, 25, 224, 1, 50, 235, 169, 227, 14, 123, 150, 21, 80, 157, 189, 129, 120, 111, 244, 99, 68, 255, 203, 149, 26, 25, 224, 1, 50, 235, 169, 227, 14, 123, 150, 21, 80, 157, 189, 129, 120, 111, 244, 99, 68, 255, 203, 149, 26, 25, 224, 1, 50, 235, 169, 227, 14, 123, 150, 21, 80, 157, 189, 129, 120, 111, 244, 99, 68, 255, 203, 149, 26, 25, 224, 1, 50, 235, 169, 227, 14, 123, 150, 21, 80, 157, 189, 129, 120, 111, 244, 99, 68, 255, 203, 149, 26, 25, 224, 1, 50, 235, 169, 227, 14, 123, 150, 21, 80, 157, 189, 129, 120, 111, 244, 99, 68, 255, 203, 149, 26, 25, 224, 1, 50, 235, 169, 227, 14, 123, 150, 21, 80, 157, 189, 129, 120, 111, 244, 99, 68, 255, 203, 149, 26, 25, 224, 1, 50, 235, 169, 227, 14, 123, 150, 21, 80, 117, 69, 110, 249, 154, 24, 161, 143, 28, 92, 115, 211, 143, 17, 236, 240, 95, 20, 33, 244, 146, 24, 139, 188, 16, 74, 96, 246, 219, 43, 226, 165, 13, 122, 106, 243, 149, 7, 161, 237, 95, 82, 124, 144, 151, 27, 226, 177, 19, 9, 94, 233, 144, 29, 239, 153, 27, 81, 33, 186, 198, 84, 176, 218, 117, 4, 44, 186, 25, 224, 1, 50, 235, 169, 227, 14, 123, 84, 205, 177, 29, 76, 109, 233, 219, 150, 21, 80, 157, 189, 129, 120, 111, 244, 99, 68, 255, 203, 149, 26, 25, 224, 1, 50, 235, 169, 227, 14, 123, 150, 21, 80, 157, 189, 129, 120, 111, 244, 99, 68, 255, 203, 149, 26, 25, 224, 1, 50, 235, 169, 227, 14, 123, 150, 21, 80, 157, 189, 129, 120, 111, 244, 99, 68, 255, 203, 149, 26, 25, 224, 1, 50, 235, 169, 227, 14, 123, 150, 21, 80, 157, 189, 129, 120, 111, 244, 99, 68, 255, 203, 149, 26, 25, 224, 1, 50, 235, 169, 227, 14, 123, 150, 21, 80, 157, 189, 129, 120, 111, 244, 99, 68, 255, 203, 149, 26, 25, 224, 1, 50, 235, 169, 227, 14, 123, 150, 21, 80, 157, 189, 129, 120, 111, 244, 99, 68, 255, 203, 149, 26, 25, 224, 1, 50, 235, 169, 227, 14, 123, 150, 21, 80, 157, 189, 129, 120, 111, 244, 99, 68, 255, 203, 149, 26, 25, 224, 1, 50, 235, 169, 227, 14, 123, 150, 21, 80, 157, 189, 129, 120, 111, 244, 99, 68, 255, 203, 149, 26, 25, 224, 1, 50, 235, 169, 227, 14, 123, 150, 21, 80, 157, 189, 129, 120, 111, 244, 139, 188, 16, 74, 96, 246, 219, 43, 237, 178, 19, 96, 117, 255, 150, 84, 161, 240, 95, 9, 60, 186, 171, 29, 226, 187, 44, 76, 98, 238, 146, 27, 239, 234, 51, 72, 99, 255, 151, 92, 163, 185, 11, 76, 108, 160, 219, 89, 163, 249, 117, 69, 110, 249, 154, 24, 161, 143, 19, 75, 109, 201, 144, 29, 239, 240, 95, 9, 33, 186, 198, 84, 209, 185, 28, 66, 82, 255, 152, 0, 232, 191, 17, 19, 77, 251, 153, 17, 237, 248, 93, 90, 106, 243, 149, 78, 161, 253, 93, 0, 11, 246, 148, 23, 224, 188, 95, 118, 109, 248, 151, 36, 243, 191, 24, 91, 100, 233, 136, 84, 188, 240, 47, 64, 98, 241, 168, 17, 226, 164, 22, 70, 111, 160, 183, 21, 227, 181, 19, 1, 35, 170, 219, 91, 161, 224, 93, 0, 11, 246, 148, 23, 224, 188, 95, 118, 109, 248, 151, 39, 245, 177, 11, 92, 114, 186, 219, 84, 188, 240, 47, 64, 98, 241, 168, 17, 226, 164, 22, 70, 111, 160, 183, 21, 227, 181, 19, 1, 35, 233, 143, 21, 245, 165, 12, 19, 33, 232, 158, 21, 229, 169, 93, 0, 11, 144, 214, 89, 161, 50, 235, 169, 227, 14, 123, 150, 21, 80, 95, 96, 117, 255, 150, 84, 229, 162, 16, 89, 101, 245, 140, 26, 161, 248, 22, 71, 119, 255, 149, 0, 238, 162, 6, 9, 111, 251, 150, 17, 242, 249, 95, 203, 149, 26, 25, 224, 1, 50, 235, 169, 227, 14, 123, 150, 21, 80, 157, 189, 129, 120, 111, 244, 99, 68, 255, 203, 149, 26, 25, 224, 1, 50, 235, 169, 227, 14, 123, 150, 21, 80, 157, 189, 129, 120, 111, 244, 99, 68, 255, 203, 149, 26, 25, 224, 1, 50, 235, 169, 227, 14, 123, 150, 21, 80, 157, 189, 129, 120, 111, 244, 99, 68, 255, 203, 149, 26, 25, 224, 1, 50, 235, 169, 227, 14, 123, 150, 21, 80, 157, 189, 129, 120, 111, 244, 99, 68, 255, 203, 149, 26, 25, 224, 1, 50, 235, 169, 227, 14, 123, 150, 21, 80, 157, 189, 129, 120, 111, 244, 99, 68, 255, 203, 149, 26, 241, 36, 232, 179, 20, 122, 100, 249, 143, 29, 238, 190, 69, 109, 115, 245, 139, 16, 238, 167, 17, 1, 122, 144, 219, 84, 161, 240, 43, 64, 117, 246, 158, 84, 161, 240, 95, 20, 33, 184, 146, 0, 228, 189, 93, 5, 11, 186, 219, 84, 161, 150, 19, 72, 102, 186, 219, 84, 161, 240, 66, 9, 35, 201, 144, 29, 239, 147, 23, 72, 111, 253, 158, 6, 200, 164, 26, 68, 35, 182, 241, 84, 161, 240, 95, 101, 104, 233, 143, 84, 161, 240, 95, 9, 60, 186, 164, 29, 239, 166, 54, 93, 100, 247, 136, 88, 139, 240, 95, 9, 33, 222, 158, 18, 224, 165, 19, 93, 33, 186, 198, 84, 222, 185, 17, 95, 72, 238, 158, 25, 242, 139, 78, 116, 45, 144, 219, 84, 161, 240, 60, 72, 109, 246, 153, 21, 226, 187, 95, 20, 33, 252, 142, 26, 226, 164, 22, 70, 111, 178, 141, 93, 139, 240, 95, 9, 33, 186, 219, 84, 161, 143, 28, 92, 115, 211, 143, 17, 236, 240, 95, 20, 33, 236, 241, 84, 161, 240, 95, 9, 33, 186, 219, 24, 238, 179, 30, 69, 33, 249, 154, 0, 161, 237, 95, 118, 104, 238, 158, 25, 213, 191, 60, 72, 117, 193, 141, 41, 139, 240, 95, 9, 33, 186, 219, 84, 161, 143, 28, 92, 115, 201, 144, 29, 239, 163, 95, 20, 33, 178, 152, 21, 245, 240, 30, 71, 101, 186, 164, 7, 234, 185, 17, 100, 96, 234, 160, 23, 224, 164, 34, 0, 33, 245, 137, 84, 250, 173, 117, 9, 33, 186, 219, 84, 161, 240, 95, 118, 114, 241, 146, 26, 200, 180, 7, 9, 33, 167, 219, 69, 139, 240, 95, 9, 33, 186, 219, 84, 161, 143, 19, 75, 109, 211, 143, 17, 236, 234, 44, 76, 117, 178, 217, 29, 245, 181, 18, 19, 33, 184, 219, 90, 175, 240, 9, 0, 11, 186, 219, 84, 161, 240, 95, 9, 33, 243, 157, 84, 162, 143, 28, 92, 115, 201, 144, 29, 239, 163, 95, 23, 33, 170, 219, 0, 233, 181, 17, 35, 33, 186, 219, 84, 161, 240, 95, 9, 33, 186, 219, 84, 222, 188, 29, 69, 82, 241, 146, 26, 187, 131, 26, 93, 41, 184, 136, 31, 232, 190, 69, 9, 35, 186, 213, 90, 161, 143, 28, 92, 115, 201, 144, 29, 239, 163, 36, 118, 114, 241, 146, 26, 200, 180, 7, 116, 40, 144, 219, 84, 161, 240, 95, 9, 33, 186, 219, 84, 161, 240, 32, 69, 99, 246, 171, 6, 238, 183, 13, 76, 114, 233, 193, 39, 228, 164, 87, 11, 48, 186, 212, 84, 163, 240, 81, 7, 33, 185, 164, 23, 244, 162, 44, 66, 104, 244, 136, 93, 139, 240, 95, 9, 33, 186, 219, 84, 161, 240, 95, 9, 33, 197, 151, 22, 237, 131, 11, 72, 117, 239, 136, 78, 210, 181, 11, 1, 35, 249, 154, 0, 187, 240, 93, 9, 47, 180, 219, 92, 226, 177, 11, 9, 110, 232, 219, 86, 190, 242, 86, 0, 11, 186, 219, 84, 161, 240, 95, 9, 33, 255, 151, 7, 228, 218, 95, 9, 33, 186, 219, 84, 161, 240, 95, 9, 33, 186, 164, 24, 227, 188, 44, 66, 104, 244, 193, 39, 228, 164, 87, 11, 114, 241, 146, 26, 187, 240, 87, 71, 110, 186, 136, 31, 232, 190, 12, 9, 103, 245, 137, 84, 245, 184, 22, 90, 33, 243, 143, 17, 236, 249, 93, 0, 11, 186, 219, 84, 161, 240, 95, 9, 33, 186, 219, 84, 161, 143, 19, 75, 109, 202, 137, 27, 230, 162, 26, 90, 114, 160, 168, 17, 245, 248, 93, 25, 33, 181, 219, 68, 163, 249, 117, 9, 33, 186, 219, 84, 161, 240, 95, 9, 33, 186, 219, 43, 237, 178, 19, 122, 117, 251, 143, 1, 242, 234, 44, 76, 117, 178, 217, 26, 238, 240, 12, 66, 104, 244, 219, 23, 224, 164, 26, 78, 110, 232, 130, 84, 236, 177, 11, 74, 105, 255, 159, 86, 168, 218, 95, 9, 33, 186, 219, 84, 161, 240, 26, 71, 101, 144, 219, 84, 161, 240, 26, 71, 101, 144, 134, 93, 139, 218, 47, 64, 98, 241, 168, 17, 226, 164, 22, 70, 111, 160, 185, 1, 245, 164, 16, 71, 41, 225, 175, 29, 245, 188, 26, 9, 60, 186, 217, 72, 161, 160, 13, 76, 119, 186, 136, 31, 232, 190, 93, 5, 33, 217, 154, 24, 237, 178, 30, 74, 106, 186, 198, 84, 231, 165, 17, 74, 117, 243, 148, 26, 169, 249, 117, 9, 33, 186, 219, 29, 231, 240, 92, 118, 98, 239, 137, 39, 234, 185, 17, 90, 33, 167, 198, 84, 177, 240, 11, 65, 100, 244, 219, 43, 237, 178, 19, 122, 117, 251, 143, 1, 242, 234, 44, 76, 117, 178, 217, 7, 228, 188, 26, 74, 117, 186, 154, 26, 161, 185, 11, 76, 108, 186, 157, 29, 243, 163, 11, 11, 40, 186, 137, 17, 245, 165, 13, 71, 33, 255, 149, 16, 139, 240, 95, 9, 33, 197, 136, 31, 232, 190, 54, 77, 121, 186, 198, 84, 169, 143, 12, 66, 104, 244, 178, 16, 249, 240, 82, 9, 51, 179, 219, 81, 161, 243, 32, 74, 116, 232, 168, 31, 232, 190, 12, 9, 42, 186, 202, 126, 161, 240, 95, 9, 94, 246, 153, 24, 210, 187, 22, 71, 59, 201, 158, 0, 169, 242, 12, 66, 104, 244, 193, 84, 163, 240, 81, 7, 33, 197, 152, 1, 243, 131, 20, 64, 111, 233, 160, 43, 242, 187, 22, 71, 72, 254, 131, 41, 168, 218, 95, 9, 33, 186, 164, 24, 227, 188, 47, 91, 110, 253, 137, 17, 242, 163, 69, 122, 100, 238, 211, 43, 242, 187, 22, 71, 72, 254, 131, 84, 175, 254, 95, 11, 33, 181, 219, 86, 161, 254, 81, 9, 34, 197, 152, 1, 243, 131, 20, 64, 111, 233, 210, 126, 228, 190, 27, 84, 40, 144, 241, 36, 232, 179, 20, 122, 100, 249, 143, 29, 238, 190, 69, 107, 116, 238, 143, 27, 239, 248, 4, 125, 104, 238, 151, 17, 161, 237, 95, 11, 111, 255, 131, 0, 161, 163, 20, 64, 111, 186, 197, 86, 173, 240, 60, 72, 109, 246, 153, 21, 226, 187, 95, 20, 33, 252, 142, 26, 226, 164, 22, 70, 111, 178, 210, 126, 161, 240, 95, 9, 104, 252, 219, 87, 222, 179, 10, 91, 82, 241, 146, 26, 242, 240, 66, 20, 33, 170, 219, 0, 233, 181, 17, 9, 94, 246, 153, 24, 210, 164, 30, 93, 116, 233, 193, 39, 228, 164, 87, 11, 114, 255, 151, 17, 226, 164, 95, 72, 111, 186, 146, 0, 228, 189, 95, 79, 104, 232, 136, 0, 163, 249, 95, 91, 100, 238, 142, 6, 239, 240, 26, 71, 101, 144, 219, 84, 161, 240, 32, 90, 106, 243, 149, 61, 229, 168, 95, 20, 33, 197, 136, 31, 232, 190, 54, 77, 121, 186, 222, 84, 162, 143, 28, 92, 115, 201, 144, 29, 239, 163, 95, 2, 33, 171, 241, 84, 161, 240, 95, 118, 109, 248, 151, 39, 234, 185, 17, 19, 82, 255, 143, 92, 163, 163, 20, 64, 111, 160, 219, 86, 161, 254, 81, 9, 94, 249, 142, 6, 210, 187, 22, 71, 114, 193, 164, 7, 234, 185, 17, 96, 101, 226, 166, 93, 139, 240, 95, 9, 33, 197, 151, 22, 237, 128, 13, 70, 102, 232, 158, 7, 242, 234, 44, 76, 117, 178, 164, 7, 234, 185, 17, 96, 101, 226, 219, 90, 175, 240, 93, 9, 46, 186, 217, 84, 175, 254, 95, 10, 94, 249, 142, 6, 210, 187, 22, 71, 114, 179, 241, 17, 239, 180, 2, 0, 11, 144, 214, 89, 161, 50, 235, 169, 227, 14, 123, 150, 21, 80, 95, 104, 113, 234, 151, 13, 161, 184, 26, 69, 113, 255, 137, 7, 161, 50, 235, 169, 227, 14, 123, 150, 21, 80, 157, 189, 129, 120, 111, 244, 99, 68, 255, 203, 149, 26, 25, 224, 1, 50, 235, 169, 227, 14, 123, 150, 21, 80, 157, 189, 129, 120, 111, 244, 99, 68, 255, 203, 149, 26, 25, 224, 1, 50, 235, 169, 227, 14, 123, 150, 21, 80, 157, 189, 129, 120, 111, 244, 99, 68, 255, 203, 149, 26, 25, 224, 1, 50, 235, 169, 227, 14, 123, 150, 21, 80, 157, 189, 129, 120, 111, 244, 99, 68, 255, 203, 149, 26, 25, 224, 1, 50, 235, 169, 227, 14, 123, 150, 21, 80, 157, 189, 129, 120, 111, 244, 99, 68, 255, 203, 149, 26, 25, 224, 1, 50, 235, 169, 227, 14, 123, 150, 21, 80, 157, 189, 129, 120, 111, 244, 99, 68, 255, 203, 149, 26, 25, 224, 1, 50, 235, 169, 227, 14, 123, 150, 21, 80, 157, 189, 129, 120, 111, 244, 99, 68, 255, 203, 149, 26, 25, 224, 1, 50, 235, 169, 227, 14, 123, 150, 21, 80, 157, 189, 129, 144, 214, 89, 161, 153, 11, 76, 108, 233, 219, 0, 233, 177, 11, 9, 116, 233, 158, 84, 206, 178, 21, 76, 98, 238, 173, 21, 237, 165, 26, 9, 115, 255, 149, 21, 236, 181, 95, 64, 111, 233, 143, 17, 224, 180, 95, 70, 103, 186, 168, 31, 232, 190, 95, 72, 117, 238, 137, 29, 227, 165, 11, 76, 11, 246, 148, 23, 224, 188, 95, 118, 110, 236, 178, 0, 228, 189, 12, 9, 60, 186, 128, 126, 161, 240, 95, 9, 90, 184, 191, 34, 179, 242, 34, 9, 33, 167, 219, 0, 243, 165, 26, 5, 11, 186, 219, 84, 161, 139, 93, 109, 87, 183, 201, 86, 220, 240, 66, 9, 117, 232, 142, 17, 173, 218, 2, 35, 11, 246, 148, 23, 224, 188, 95, 79, 116, 244, 152, 0, 232, 191, 17, 9, 94, 251, 139, 4, 237, 169, 43, 70, 72, 238, 158, 25, 169, 185, 11, 76, 108, 182, 219, 7, 234, 185, 17, 103, 96, 247, 158, 93, 139, 240, 95, 9, 33, 243, 157, 84, 222, 191, 9, 96, 117, 255, 150, 7, 218, 185, 11, 76, 108, 180, 181, 21, 236, 181, 34, 9, 110, 232, 219, 43, 238, 166, 54, 93, 100, 247, 136, 47, 222, 179, 10, 91, 72, 238, 158, 25, 220, 240, 11, 65, 100, 244, 241, 84, 161, 240, 95, 9, 33, 186, 219, 89, 172, 240, 59, 127, 51, 186, 158, 0, 226, 234, 95, 91, 100, 244, 154, 25, 228, 240, 11, 65, 100, 186, 180, 22, 235, 181, 28, 93, 87, 251, 151, 1, 228, 247, 12, 9, 79, 251, 150, 17, 161, 164, 16, 9, 117, 242, 158, 84, 242, 187, 22, 71, 33, 244, 154, 25, 228, 218, 95, 9, 33, 186, 219, 84, 161, 240, 22, 93, 100, 247, 213, 58, 224, 189, 26, 9, 60, 186, 136, 31, 232, 190, 49, 72, 108, 255, 241, 84, 161, 240, 95, 76, 109, 233, 158, 126, 161, 240, 95, 9, 33, 186, 219, 84, 172, 253, 95, 103, 110, 232, 150, 21, 237, 240, 22, 93, 100, 247, 136, 78, 161, 163, 26, 93, 33, 201, 144, 29, 239, 240, 30, 93, 117, 232, 146, 22, 244, 164, 26, 9, 42, 186, 154, 4, 241, 188, 6, 9, 117, 245, 219, 21, 245, 164, 30, 74, 105, 247, 158, 26, 245, 163, 117, 9, 33, 186, 219, 84, 161, 240, 95, 89, 98, 251, 151, 24, 169, 182, 10, 71, 98, 238, 146, 27, 239, 248, 86, 9, 104, 238, 158, 25, 187, 131, 26, 93, 64, 238, 143, 6, 232, 178, 10, 93, 100, 178, 217, 39, 234, 185, 17, 11, 45, 186, 136, 31, 232, 190, 49, 72, 108, 255, 210, 84, 228, 190, 27, 0, 11, 186, 219, 84, 161, 240, 95, 9, 33, 234, 152, 21, 237, 188, 87, 79, 116, 244, 152, 0, 232, 191, 17, 1, 40, 144, 219, 84, 161, 240, 95, 9, 33, 186, 219, 84, 161, 240, 19, 70, 98, 251, 151, 84, 224, 164, 11, 9, 60, 186, 146, 0, 228, 189, 69, 111, 104, 244, 159, 50, 232, 162, 12, 93, 66, 242, 146, 24, 229, 248, 93, 104, 117, 238, 154, 23, 233, 189, 26, 71, 117, 233, 217, 93, 139, 240, 95, 9, 33, 186, 219, 84, 161, 240, 95, 9, 33, 243, 157, 84, 224, 164, 11, 9, 117, 242, 158, 26, 139, 240, 95, 9, 33, 186, 219, 84, 161, 240, 95, 9, 33, 186, 219, 84, 161, 182, 16, 91, 33, 197, 215, 84, 224, 240, 22, 71, 33, 243, 139, 21, 232, 162, 12, 1, 96, 238, 143, 78, 198, 181, 11, 106, 105, 243, 151, 16, 243, 181, 17, 1, 40, 179, 219, 16, 238, 218, 95, 9, 33, 186, 219, 84, 161, 240, 95, 9, 33, 186, 219, 84, 161, 240, 95, 9, 33, 186, 139, 23, 224, 188, 19, 1, 103, 239, 149, 23, 245, 185, 16, 71, 41, 179, 219, 21, 187, 131, 26, 93, 64, 238, 143, 6, 232, 178, 10, 93, 100, 178, 217, 39, 234, 185, 17, 11, 45, 186, 136, 31, 232, 190, 49, 72, 108, 255, 210, 84, 228, 190, 27, 0, 11, 186, 219, 84, 161, 240, 95, 9, 33, 186, 219, 84, 161, 240, 95, 9, 33, 255, 149, 16, 139, 240, 95, 9, 33, 186, 219, 84, 161, 240, 95, 9, 33, 255, 149, 16, 139, 240, 95, 9, 33, 186, 219, 84, 161, 181, 17, 77, 40, 144, 219, 84, 161, 240, 26, 71, 101, 144, 158, 26, 229, 218, 117, 121, 104, 249, 144, 39, 228, 179, 11, 64, 110, 244, 193, 54, 244, 164, 11, 70, 111, 178, 128, 32, 232, 164, 19, 76, 33, 167, 219, 86, 224, 160, 15, 69, 120, 186, 136, 31, 232, 190, 93, 5, 33, 217, 154, 24, 237, 178, 30, 74, 106, 186, 198, 84, 231, 165, 17, 74, 117, 243, 148, 26, 169, 249, 117, 9, 33, 186, 219, 29, 231, 240, 17, 70, 117, 186, 164, 23, 244, 162, 54, 93, 100, 247, 219, 27, 243, 240, 32, 74, 116, 232, 178, 0, 228, 189, 95, 20, 60, 186, 217, 92, 242, 181, 19, 76, 98, 238, 219, 29, 245, 181, 18, 0, 35, 186, 143, 28, 228, 190, 117, 9, 33, 186, 219, 84, 161, 240, 95, 118, 109, 248, 151, 39, 245, 177, 11, 92, 114, 160, 168, 17, 245, 248, 93, 90, 100, 246, 158, 23, 245, 240, 30, 71, 33, 243, 143, 17, 236, 240, 25, 64, 115, 233, 143, 86, 168, 240, 13, 76, 117, 239, 137, 26, 139, 240, 95, 9, 33, 255, 149, 16, 139, 240, 95, 9, 33, 243, 157, 84, 162, 143, 28, 92, 115, 201, 144, 29, 239, 163, 95, 20, 60, 186, 203, 84, 245, 184, 26, 71, 11, 186, 219, 84, 161, 240, 95, 9, 33, 197, 151, 22, 237, 131, 11, 72, 117, 239, 136, 78, 210, 181, 11, 1, 35, 244, 148, 84, 242, 187, 22, 71, 114, 186, 157, 27, 243, 240, 93, 9, 47, 180, 219, 43, 226, 165, 13, 96, 117, 255, 150, 93, 161, 162, 26, 93, 116, 232, 149, 126, 161, 240, 95, 9, 100, 244, 159, 126, 161, 240, 95, 9, 109, 245, 152, 21, 237, 240, 12, 66, 104, 244, 181, 21, 236, 181, 95, 20, 33, 197, 152, 1, 243, 131, 20, 64, 111, 233, 160, 43, 242, 187, 22, 71, 72, 254, 131, 41, 139, 240, 95, 9, 33, 234, 152, 21, 237, 188, 87, 79, 116, 244, 152, 0, 232, 191, 17, 1, 40, 144, 219, 84, 161, 240, 95, 9, 33, 186, 151, 27, 226, 177, 19, 9, 104, 244, 141, 84, 188, 240, 24, 72, 108, 255, 193, 51, 228, 164, 44, 76, 115, 236, 146, 23, 228, 248, 93, 123, 100, 234, 151, 29, 226, 177, 11, 76, 101, 201, 143, 27, 243, 177, 24, 76, 35, 179, 213, 36, 237, 177, 6, 76, 115, 233, 160, 4, 237, 177, 6, 76, 115, 180, 181, 21, 236, 181, 34, 7, 72, 244, 141, 17, 239, 164, 16, 91, 120, 144, 219, 84, 161, 240, 95, 9, 33, 186, 151, 27, 226, 177, 19, 9, 104, 238, 158, 25, 161, 237, 95, 71, 104, 246, 241, 84, 161, 240, 95, 9, 33, 186, 219, 29, 231, 240, 32, 70, 119, 211, 143, 17, 236, 163, 36, 118, 98, 239, 137, 61, 245, 181, 18, 116, 33, 238, 147, 17, 239, 218, 95, 9, 33, 186, 219, 84, 161, 240, 95, 9, 33, 186, 214, 89, 161, 150, 22, 91, 114, 238, 219, 0, 243, 169, 95, 75, 120, 186, 148, 6, 232, 183, 22, 71, 96, 246, 219, 26, 224, 189, 26, 5, 33, 238, 147, 17, 239, 240, 12, 74, 96, 244, 219, 22, 248, 240, 44, 69, 110, 238, 219, 21, 245, 164, 13, 64, 99, 239, 143, 17, 139, 240, 95, 9, 33, 186, 219, 84, 161, 240, 95, 9, 33, 243, 143, 17, 236, 240, 66, 9, 104, 244, 141, 78, 199, 185, 17, 77, 71, 243, 137, 7, 245, 147, 23, 64, 109, 254, 211, 43, 226, 165, 13, 96, 117, 255, 150, 93, 139, 240, 95, 9, 33, 186, 219, 84, 161, 240, 95, 9, 33, 243, 157, 84, 239, 191, 11, 9, 104, 238, 158, 25, 161, 164, 23, 76, 111, 144, 219, 84, 161, 240, 95, 9, 33, 186, 219, 84, 161, 240, 95, 9, 33, 186, 157, 27, 243, 240, 32, 5, 33, 249, 147, 29, 237, 180, 95, 64, 111, 186, 146, 4, 224, 185, 13, 90, 41, 243, 149, 2, 187, 151, 26, 93, 66, 242, 146, 24, 229, 162, 26, 71, 41, 179, 210, 84, 229, 191, 117, 9, 33, 186, 219, 84, 161, 240, 95, 9, 33, 186, 219, 84, 161, 240, 95, 9, 33, 186, 219, 29, 231, 240, 28, 65, 104, 246, 159, 78, 200, 163, 62, 1, 35, 213, 153, 30, 228, 179, 11, 127, 96, 246, 142, 17, 163, 249, 95, 72, 111, 254, 241, 84, 161, 240, 95, 9, 33, 186, 219, 84, 161, 240, 95, 9, 33, 186, 219, 84, 161, 240, 95, 9, 33, 186, 152, 28, 232, 188, 27, 19, 70, 255, 143, 53, 245, 164, 13, 64, 99, 239, 143, 17, 169, 242, 44, 69, 110, 238, 217, 93, 161, 237, 66, 9, 35, 215, 158, 24, 228, 181, 93, 9, 117, 242, 158, 26, 139, 240, 95, 9, 33, 186, 219, 84, 161, 240, 95, 9, 33, 186, 219, 84, 161, 240, 95, 9, 33, 186, 219, 84, 161, 185, 11, 76, 108, 186, 198, 84, 226, 184, 22, 69, 101, 144, 219, 84, 161, 240, 95, 9, 33, 186, 219, 84, 161, 240, 95, 9, 33, 186, 219, 84, 161, 240, 95, 9, 33, 186, 153, 6, 228, 177, 20, 35, 33, 186, 219, 84, 161, 240, 95, 9, 33, 186, 219, 84, 161, 240, 95, 9, 33, 186, 219, 84, 228, 190, 27, 35, 33, 186, 219, 84, 161, 240, 95, 9, 33, 186, 219, 84, 161, 240, 95, 9, 100, 244, 159, 126, 161, 240, 95, 9, 33, 186, 219, 84, 161, 240, 95, 9, 100, 244, 159, 126, 161, 240, 95, 9, 33, 186, 219, 84, 228, 188, 12, 76, 11, 186, 219, 84, 161, 240, 95, 9, 33, 186, 219, 84, 161, 185, 11, 76, 108, 186, 198, 84, 232, 190, 9, 19, 71, 243, 149, 16, 199, 185, 13, 90, 117, 217, 147, 29, 237, 180, 87, 118, 98, 239, 137, 61, 245, 181, 18, 0, 11, 186, 219, 84, 161, 240, 95, 9, 33, 255, 149, 16, 139, 240, 95, 9, 33, 186, 219, 84, 161, 185, 25, 9, 111, 245, 143, 84, 232, 164, 26, 68, 33, 238, 147, 17, 239, 240, 26, 91, 115, 245, 137, 92, 163, 185, 11, 76, 108, 186, 149, 27, 245, 240, 25, 70, 116, 244, 159, 78, 161, 242, 95, 7, 47, 186, 164, 23, 244, 162, 54, 93, 100, 247, 210, 84, 228, 190, 27, 35, 33, 186, 219, 84, 161, 240, 95, 9, 94, 251, 139, 4, 237, 169, 43, 70, 72, 238, 158, 25, 169, 185, 11, 76, 108, 182, 219, 7, 234, 185, 17, 103, 96, 247, 158, 93, 139, 240, 95, 9, 33, 186, 219, 84, 161, 143, 19, 75, 109, 201, 143, 21, 245, 165, 12, 19, 82, 255, 143, 92, 163, 177, 15, 89, 109, 243, 158, 16, 187, 240, 93, 9, 47, 180, 219, 7, 234, 185, 17, 103, 96, 247, 158, 93, 139, 240, 95, 9, 33, 255, 149, 16, 168, 218, 26, 71, 101, 231, 210, 126, 139, 128, 22, 74, 106, 201, 158, 23, 245, 185, 16, 71, 59, 216, 142, 0, 245, 191, 17, 1, 122, 206, 146, 0, 237, 181, 95, 20, 33, 184, 154, 4, 241, 188, 6, 9, 117, 245, 219, 53, 205, 156, 95, 64, 117, 255, 150, 7, 163, 252, 95, 106, 96, 246, 151, 22, 224, 179, 20, 9, 60, 186, 157, 1, 239, 179, 11, 64, 110, 244, 211, 93, 139, 240, 95, 9, 33, 243, 157, 84, 162, 143, 28, 92, 115, 201, 144, 29, 239, 163, 95, 20, 60, 186, 203, 84, 238, 162, 95, 71, 110, 238, 219, 43, 226, 165, 13, 96, 117, 255, 150, 84, 238, 162, 95, 118, 98, 239, 137, 61, 245, 181, 18, 9, 60, 167, 219, 86, 169, 163, 26, 69, 100, 249, 143, 84, 232, 164, 26, 68, 40, 184, 219, 0, 233, 181, 17, 35, 33, 186, 219, 84, 161, 240, 95, 9, 94, 246, 153, 24, 210, 164, 30, 93, 116, 233, 193, 39, 228, 164, 87, 11, 114, 255, 151, 17, 226, 164, 95, 72, 111, 186, 146, 0, 228, 189, 95, 94, 104, 238, 147, 84, 242, 187, 22, 71, 114, 186, 157, 29, 243, 163, 11, 11, 40, 186, 137, 17, 245, 165, 13, 71, 11, 186, 219, 84, 161, 181, 17, 77, 11, 186, 219, 84, 161, 188, 16, 74, 96, 246, 219, 7, 234, 185, 17, 103, 96, 247, 158, 84, 188, 240, 32, 74, 116, 232, 168, 31, 232, 190, 12, 114, 94, 233, 144, 29, 239, 153, 27, 81, 92, 144, 219, 84, 161, 240, 19, 70, 98, 251, 151, 84, 226, 191, 10, 71, 117, 186, 198, 84, 177, 218, 95, 9, 33, 186, 139, 23, 224, 188, 19, 1, 103, 239, 149, 23, 245, 185, 16, 71, 41, 179, 241, 84, 161, 240, 95, 9, 33, 186, 219, 24, 238, 179, 30, 69, 33, 243, 149, 2, 161, 237, 95, 78, 96, 247, 158, 78, 198, 181, 11, 122, 100, 232, 141, 29, 226, 181, 87, 11, 83, 255, 139, 24, 232, 179, 30, 93, 100, 254, 168, 0, 238, 162, 30, 78, 100, 184, 210, 90, 209, 188, 30, 80, 100, 232, 136, 47, 241, 188, 30, 80, 100, 232, 213, 58, 224, 189, 26, 116, 47, 211, 149, 2, 228, 190, 11, 70, 115, 227, 241, 84, 161, 240, 95, 9, 33, 186, 219, 18, 238, 162, 95, 118, 45, 186, 146, 0, 228, 189, 95, 64, 111, 186, 146, 4, 224, 185, 13, 90, 41, 243, 149, 2, 187, 151, 26, 93, 66, 242, 146, 24, 229, 162, 26, 71, 41, 179, 210, 84, 229, 191, 117, 9, 33, 186, 219, 84, 161, 240, 95, 9, 33, 186, 219, 43, 224, 160, 15, 69, 120, 206, 148, 61, 245, 181, 18, 1, 104, 238, 158, 25, 173, 240, 12, 66, 104, 244, 181, 21, 236, 181, 86, 35, 33, 186, 219, 84, 161, 240, 95, 9, 33, 186, 219, 84, 226, 191, 10, 71, 117, 186, 208, 73, 161, 225, 117, 9, 33, 186, 219, 84, 161, 240, 95, 76, 111, 254, 241, 84, 161, 240, 95, 76, 111, 254, 210, 126, 161, 240, 95, 9, 94, 246, 153, 24, 210, 164, 30, 93, 116, 233, 193, 39, 228, 164, 87, 11, 96, 234, 139, 24, 232, 181, 27, 9, 38, 184, 219, 90, 175, 240, 12, 66, 104, 244, 181, 21, 236, 181, 95, 7, 47, 186, 217, 83, 161, 164, 16, 9, 35, 186, 213, 90, 161, 179, 16, 92, 111, 238, 219, 90, 175, 240, 93, 9, 104, 238, 158, 25, 242, 242, 86, 35, 100, 244, 159, 9, 168, 218, 117, 121, 104, 249, 144, 39, 228, 179, 11, 64, 110, 244, 193, 54, 244, 164, 11, 70, 111, 178, 128, 32, 232, 164, 19, 76, 33, 167, 219, 86, 243, 181, 18, 70, 119, 255, 219, 7, 234, 185, 17, 9, 103, 232, 148, 25, 161, 185, 11, 76, 108, 184, 215, 84, 194, 177, 19, 69, 99, 251, 152, 31, 161, 237, 95, 79, 116, 244, 152, 0, 232, 191, 17, 1, 40, 144, 219, 84, 161, 240, 22, 79, 33, 244, 148, 0, 161, 143, 28, 92, 115, 211, 143, 17, 236, 240, 16, 91, 33, 197, 152, 1, 243, 153, 11, 76, 108, 186, 198, 73, 161, 242, 87, 90, 100, 246, 158, 23, 245, 240, 22, 93, 100, 247, 210, 86, 161, 164, 23, 76, 111, 144, 219, 84, 161, 240, 95, 9, 33, 186, 164, 24, 227, 188, 44, 93, 96, 238, 142, 7, 187, 131, 26, 93, 41, 184, 136, 17, 237, 181, 28, 93, 33, 251, 149, 84, 232, 164, 26, 68, 33, 252, 146, 6, 242, 164, 93, 0, 33, 232, 158, 0, 244, 162, 17, 35, 33, 186, 219, 84, 228, 190, 27, 35, 33, 186, 219, 84, 241, 179, 30, 69, 109, 178, 157, 1, 239, 179, 11, 64, 110, 244, 211, 93, 139, 240, 95, 9, 33, 186, 219, 84, 161, 188, 16, 74, 96, 246, 219, 29, 239, 166, 95, 20, 33, 253, 154, 25, 228, 234, 56, 76, 117, 201, 158, 6, 247, 185, 28, 76, 41, 184, 169, 17, 241, 188, 22, 74, 96, 238, 158, 16, 210, 164, 16, 91, 96, 253, 158, 86, 168, 254, 47, 69, 96, 227, 158, 6, 242, 139, 15, 69, 96, 227, 158, 6, 175, 158, 30, 68, 100, 199, 213, 61, 239, 166, 26, 71, 117, 245, 137, 13, 139, 240, 95, 9, 33, 186, 219, 84, 161, 188, 16, 74, 96, 246, 219, 29, 245, 181, 18, 9, 60, 186, 146, 26, 247, 234, 57, 64, 111, 254, 189, 29, 243, 163, 11, 106, 105, 243, 151, 16, 169, 143, 28, 92, 115, 211, 143, 17, 236, 249, 117, 9, 33, 186, 219, 84, 161, 240, 95, 64, 103, 186, 146, 0, 228, 189, 95, 93, 105, 255, 149, 84, 222, 177, 15, 89, 109, 227, 175, 27, 200, 164, 26, 68, 41, 243, 143, 17, 236, 252, 95, 11, 35, 179, 219, 17, 239, 180, 117, 9, 33, 186, 219, 17, 239, 180, 86, 35, 33, 186, 219, 84, 222, 188, 29, 69, 82, 238, 154, 0, 244, 163, 69, 122, 100, 238, 211, 86, 242, 187, 22, 71, 33, 232, 158, 25, 238, 166, 26, 77, 33, 252, 137, 27, 236, 240, 93, 9, 47, 180, 219, 43, 226, 165, 13, 96, 117, 255, 150, 93, 139, 181, 17, 77, 124, 179, 241, 126, 209, 185, 28, 66, 82, 255, 152, 0, 232, 191, 17, 19, 67, 239, 143, 0, 238, 190, 87, 82, 85, 243, 143, 24, 228, 240, 66, 9, 35, 232, 158, 25, 238, 166, 26, 9, 64, 214, 183, 84, 242, 187, 22, 71, 114, 184, 215, 84, 194, 177, 19, 69, 99, 251, 152, 31, 161, 237, 95, 79, 116, 244, 152, 0, 232, 191, 17, 1, 40, 144, 219, 84, 161, 240, 19, 70, 98, 251, 151, 84, 226, 191, 10, 71, 117, 186, 198, 84, 177, 218, 95, 9, 33, 186, 139, 23, 224, 188, 19, 1, 103, 239, 149, 23, 245, 185, 16, 71, 41, 179, 241, 84, 161, 240, 95, 9, 33, 186, 219, 24, 238, 179, 30, 69, 33, 243, 149, 2, 161, 237, 95, 78, 96, 247, 158, 78, 198, 181, 11, 122, 100, 232, 141, 29, 226, 181, 87, 11, 83, 255, 139, 24, 232, 179, 30, 93, 100, 254, 168, 0, 238, 162, 30, 78, 100, 184, 210, 90, 209, 188, 30, 80, 100, 232, 136, 47, 241, 188, 30, 80, 100, 232, 213, 58, 224, 189, 26, 116, 47, 211, 149, 2, 228, 190, 11, 70, 115, 227, 241, 84, 161, 240, 95, 9, 33, 186, 219, 18, 238, 162, 95, 118, 45, 186, 146, 0, 228, 189, 95, 64, 111, 186, 146, 4, 224, 185, 13, 90, 41, 243, 149, 2, 187, 151, 26, 93, 66, 242, 146, 24, 229, 162, 26, 71, 41, 179, 210, 84, 229, 191, 117, 9, 33, 186, 219, 84, 161, 240, 95, 9, 33, 186, 219, 43, 224, 160, 15, 69, 120, 206, 148, 61, 245, 181, 18, 1, 104, 238, 158, 25, 173, 240, 93, 11, 40, 144, 219, 84, 161, 240, 95, 9, 33, 186, 219, 84, 161, 240, 28, 70, 116, 244, 143, 84, 170, 237, 95, 24, 11, 186, 219, 84, 161, 240, 95, 9, 33, 255, 149, 16, 139, 240, 95, 9, 33, 255, 149, 16, 168, 218, 95, 9, 33, 186, 164, 24, 227, 188, 44, 93, 96, 238, 142, 7, 187, 131, 26, 93, 41, 184, 137, 17, 236, 191, 9, 76, 101, 186, 136, 31, 232, 190, 12, 9, 103, 232, 148, 25, 161, 242, 95, 7, 47, 186, 152, 27, 244, 190, 11, 9, 47, 180, 219, 86, 161, 185, 11, 76, 108, 233, 217, 93, 139, 181, 17, 77, 124, 179, 241, 126, 172, 253, 95, 203, 149, 26, 25, 224, 1, 50, 235, 169, 227, 14, 123, 150, 21, 80, 157, 189, 129, 120, 111, 244, 99, 68, 255, 203, 149, 26, 25, 224, 1, 50, 235, 169, 227, 14, 123, 150, 21, 80, 157, 189, 129, 120, 111, 244, 99, 68, 255, 203, 149, 26, 25, 224, 1, 50, 235, 169, 227, 14, 123, 150, 21, 80, 157, 189, 129, 120, 111, 244, 99, 68, 255, 203, 149, 26, 25, 224, 1, 50, 235, 169, 227, 14, 123, 150, 21, 80, 157, 189, 129, 120, 111, 244, 99, 68, 255, 203, 149, 26, 25, 224, 1, 50, 235, 169, 227, 14, 123, 150, 21, 80, 157, 189, 129, 120, 111, 244, 99, 68, 255, 203, 149, 26, 25, 224, 1, 50, 235, 169, 227, 14, 123, 150, 21, 80, 157, 189, 129, 120, 111, 244, 99, 68, 255, 203, 149, 26, 25, 224, 1, 50, 235, 169, 227, 14, 123, 150, 21, 80, 157, 189, 129, 120, 111, 244, 99, 68, 255, 203, 149, 26, 25, 224, 1, 50, 235, 169, 227, 14, 123, 150, 21, 80, 157, 189, 129, 120, 111, 244, 99, 68, 255, 203, 149, 26, 25, 224, 1, 50, 235, 169, 227, 14, 123, 150, 21, 80, 157, 189, 129, 120, 111, 244, 99, 68, 255, 203, 149, 26, 25, 224, 1, 50, 235, 169, 227, 14, 123, 150, 21, 80, 157, 189, 129, 144, 164, 51, 175, 149, 55, 118, 82, 241, 146, 26, 242, 132, 30, 75, 33, 167, 219, 39, 234, 185, 17, 90, 85, 251, 153}
local COxOG1eO3KUYCK = {154, 251, 116, 129, 208, 127, 41, 1}
local RRbYlpAXELWbxv = {}
for IhoiUq5uaD2N9h = 1, #ILGGWUIcUimhzI do
    RRbYlpAXELWbxv[IhoiUq5uaD2N9h] = L6rb5U7Lmvhbc5(ILGGWUIcUimhzI[IhoiUq5uaD2N9h],COxOG1eO3KUYCK[((IhoiUq5uaD2N9h-1)%#COxOG1eO3KUYCK)+1])
end
local VCuBb4eZd7GvA5 = ''
for JraXsVrAEqhdvy=1,#RRbYlpAXELWbxv,256 do
    local uILyEiNvFvm9Rw=JraXsVrAEqhdvy+255
    if uILyEiNvFvm9Rw>#RRbYlpAXELWbxv then uILyEiNvFvm9Rw=#RRbYlpAXELWbxv end
    local _t={}
    for _i=JraXsVrAEqhdvy,uILyEiNvFvm9Rw do _t[#_t+1]=RRbYlpAXELWbxv[_i] end
    VCuBb4eZd7GvA5=VCuBb4eZd7GvA5..string.char(unpack(_t))
end
local lk48reH9SnYRdT = loadstring or load
local JmkSpv7enmO2u2, oMi8eUw3zgMRGU = lk48reH9SnYRdT(VCuBb4eZd7GvA5)
if not JmkSpv7enmO2u2 then error(oMi8eUw3zgMRGU) end
JmkSpv7enmO2u2()
