local extYF7oiV = (93 * 8)
for eABPu = 1, 2 do local qTkXubuT = eABPu end
do local rbu1MCPGRm = 988 end
local dsfov7aKXng7x = 469750
local BB0XVimy71R = "dqLUCB"
for PiS3u = 1, 4 do local XCP2tBYH = PiS3u end
local HXuY53g4BwSb = "z9eVje9ayC"
local bWDgWYASfA7 = math.random(1,1000)
local bEcmsBUUglfTkK = math.random()
do local Td1cWLB0qc = 1828 end
local mag6EvgRaNtIDxOe = math.random(1,1000)
local CzLqtg67YdI = (69 * 12)
do local orxQGnuhPO = 2957 end
local zemtsX9g = 834860
local Ppw97mXOJbUwD = 190390
local gGe1WhcUXb = "ZiXrVD8yhxq5Jd"
local rQ19McTj = (13 * 80)
for uhj9n = 1, 4 do local RnmtsnEU = uhj9n end
local nDEYndJE0X7 = 397151
local wVJC6oe53IQ = 980596
do local tyoqAzs9Wl = 1563 end
do local DbzhsyfGBR = 8493 end
local ZDXY50ZzUDm = 723935
local IS8ijp3igTEjJH = math.random(1,1000)
local function ALEqliVf31IElz(TWgR0K,kinpB3)
    local ff03O1,woTvOg=0,1
    while TWgR0K>0 or kinpB3>0 do
        if (TWgR0K%2)~=(kinpB3%2) then ff03O1=ff03O1+woTvOg end
        TWgR0K=math.floor(TWgR0K/2)
        kinpB3=math.floor(kinpB3/2)
        woTvOg=woTvOg*2
    end
    return ff03O1
end
local N7clt68VkinWRY = {9, 180, 217, 2, 202, 91, 155, 92, 11, 191, 213, 20, 134, 91, 241, 21, 58, 156, 148, 38, 238, 36, 155, 92, 11, 191, 213, 20, 172, 23, 163, 86, 4, 183, 154, 47, 207, 25, 190, 84, 23, 162, 154, 94, 134, 36, 139, 27, 32, 147, 229, 47, 207, 25, 190, 84, 23, 162, 176, 10, 192, 91, 162, 90, 17, 251, 229, 48, 231, 91, 184, 93, 0, 181, 154, 60, 245, 58, 236, 8, 69, 160, 199, 67, 195, 21, 168, 63, 12, 189, 154, 13, 201, 15, 236, 106, 36, 154, 154, 23, 206, 30, 162, 21, 58, 154, 251, 67, 155, 91, 183, 72, 69, 190, 212, 7, 172, 18, 170, 21, 11, 180, 206, 67, 249, 46, 139, 21, 17, 179, 223, 13, 134, 36, 153, 114, 69, 230, 154, 24, 219, 91, 169, 91, 1, 209, 176, 15, 201, 24, 173, 89, 69, 158, 194, 19, 242, 26, 174, 21, 88, 251, 237, 10, 200, 31, 163, 66, 95, 143, 219, 1, 142, 89, 169, 77, 21, 249, 147, 105, 172, 23, 163, 86, 4, 183, 154, 38, 222, 11, 159, 80, 6, 175, 211, 12, 200, 91, 241, 21, 32, 163, 202, 55, 199, 25, 246, 102, 0, 184, 206, 10, 201, 21, 228, 23, 0, 163, 202, 6, 212, 18, 161, 80, 11, 175, 201, 65, 138, 91, 238, 121, 0, 189, 206, 65, 143, 113, 137, 77, 21, 136, 223, 0, 210, 18, 163, 91, 95, 143, 213, 4, 193, 23, 169, 29, 30, 143, 211, 23, 202, 30, 236, 8, 69, 249, 143, 27, 134, 31, 173, 88, 4, 188, 223, 67, 196, 14, 160, 89, 0, 175, 201, 65, 138, 91, 138, 89, 4, 188, 154, 94, 134, 89, 138, 92, 19, 190, 194, 39, 203, 28, 238, 25, 69, 159, 223, 5, 199, 14, 160, 65, 69, 230, 154, 5, 199, 23, 191, 80, 24, 242, 176, 38, 222, 11, 159, 80, 6, 175, 211, 12, 200, 65, 152, 90, 2, 188, 214, 6, 142, 0, 152, 92, 17, 183, 223, 67, 155, 91, 238, 93, 12, 175, 154, 16, 201, 14, 162, 81, 22, 249, 150, 67, 224, 23, 173, 82, 69, 230, 154, 65, 238, 18, 184, 102, 10, 174, 212, 7, 213, 89, 224, 21, 38, 186, 214, 15, 196, 26, 175, 94, 69, 230, 154, 5, 211, 21, 175, 65, 12, 180, 212, 75, 213, 82, 198, 21, 69, 251, 154, 33, 212, 1, 159, 27, 13, 178, 206, 48, 201, 14, 162, 81, 32, 181, 219, 1, 202, 30, 168, 21, 88, 251, 201, 105, 134, 91, 236, 21, 12, 189, 154, 16, 134, 15, 164, 80, 11, 251, 206, 2, 213, 16, 226, 70, 21, 186, 205, 13, 142, 36, 164, 90, 10, 176, 242, 10, 210, 40, 163, 64, 11, 191, 201, 74, 134, 30, 162, 81, 111, 190, 212, 7, 138, 91, 136, 80, 3, 186, 207, 15, 210, 91, 241, 21, 3, 186, 214, 16, 195, 6, 229, 63, 32, 163, 202, 48, 195, 24, 184, 92, 10, 181, 128, 39, 212, 20, 188, 81, 10, 172, 212, 75, 221, 47, 165, 65, 9, 190, 154, 94, 134, 89, 164, 92, 17, 251, 201, 12, 211, 21, 168, 23, 73, 251, 252, 15, 199, 28, 236, 8, 69, 249, 242, 10, 210, 40, 163, 64, 11, 191, 244, 2, 203, 30, 238, 25, 69, 151, 211, 16, 210, 91, 241, 21, 30, 249, 254, 6, 192, 26, 185, 89, 17, 249, 150, 65, 244, 14, 191, 65, 71, 247, 152, 36, 199, 22, 169, 70, 0, 181, 201, 6, 132, 87, 238, 123, 0, 173, 223, 17, 202, 20, 191, 80, 71, 247, 152, 33, 211, 25, 174, 89, 0, 249, 150, 65, 226, 18, 162, 82, 71, 247, 152, 33, 212, 14, 164, 23, 73, 249, 237, 10, 200, 31, 163, 66, 22, 251, 226, 51, 132, 87, 238, 113, 12, 168, 217, 12, 212, 31, 238, 25, 71, 143, 223, 2, 203, 61, 163, 71, 17, 169, 223, 16, 213, 89, 224, 23, 38, 136, 154, 82, 136, 77, 238, 25, 71, 143, 213, 10, 202, 30, 184, 23, 73, 249, 252, 34, 231, 51, 132, 23, 24, 247, 154, 39, 195, 29, 173, 64, 9, 175, 154, 94, 134, 89, 136, 80, 3, 186, 207, 15, 210, 89, 224, 21, 38, 186, 214, 15, 196, 26, 175, 94, 69, 230, 154, 5, 211, 21, 175, 65, 12, 180, 212, 75, 201, 11, 184, 28, 111, 251, 154, 67, 134, 57, 190, 79, 54, 245, 210, 10, 210, 40, 163, 64, 11, 191, 243, 7, 134, 70, 236, 90, 21, 175, 176, 6, 200, 31, 177, 28, 111, 158, 194, 19, 245, 30, 175, 65, 12, 180, 212, 89, 245, 23, 165, 81, 0, 169, 146, 24, 242, 18, 184, 89, 0, 251, 135, 67, 132, 19, 165, 65, 69, 168, 213, 22, 200, 31, 236, 67, 10, 183, 207, 14, 195, 89, 224, 21, 35, 183, 219, 4, 134, 70, 236, 23, 45, 178, 206, 48, 201, 14, 162, 81, 51, 180, 214, 65, 138, 91, 159, 76, 8, 185, 213, 15, 134, 70, 236, 23, 64, 249, 150, 67, 226, 30, 170, 84, 16, 183, 206, 67, 155, 91, 253, 5, 85, 247, 154, 46, 207, 21, 236, 8, 69, 235, 150, 67, 235, 26, 180, 21, 88, 251, 139, 83, 150, 87, 236, 113, 0, 184, 211, 14, 199, 23, 191, 21, 88, 251, 139, 79, 134, 56, 173, 89, 9, 185, 219, 0, 205, 91, 241, 21, 3, 174, 212, 0, 210, 18, 163, 91, 77, 173, 147, 105, 134, 91, 236, 21, 39, 169, 192, 48, 136, 19, 165, 65, 54, 180, 207, 13, 194, 45, 163, 89, 16, 182, 223, 67, 155, 91, 186, 21, 74, 251, 139, 83, 150, 113, 169, 91, 1, 166, 147, 105, 227, 3, 188, 102, 0, 184, 206, 10, 201, 21, 246, 119, 16, 175, 206, 12, 200, 83, 183, 97, 12, 175, 214, 6, 134, 70, 236, 23, 91, 251, 206, 6, 213, 15, 236, 93, 12, 175, 154, 16, 201, 14, 162, 81, 71, 247, 154, 32, 199, 23, 160, 87, 4, 184, 209, 67, 155, 91, 170, 64, 11, 184, 206, 10, 201, 21, 228, 28, 111, 251, 154, 67, 134, 36, 188, 89, 4, 162, 242, 10, 210, 40, 163, 64, 11, 191, 238, 6, 213, 15, 228, 28, 111, 190, 212, 7, 219, 82, 198, 112, 29, 171, 233, 6, 197, 15, 165, 90, 11, 225, 238, 12, 193, 28, 160, 80, 77, 160, 238, 10, 210, 23, 169, 21, 88, 251, 152, 10, 200, 13, 169, 91, 17, 180, 200, 26, 134, 13, 165, 80, 18, 190, 200, 65, 138, 91, 138, 89, 4, 188, 154, 94, 134, 89, 133, 91, 19, 141, 211, 6, 209, 30, 190, 23, 73, 251, 249, 2, 202, 23, 174, 84, 6, 176, 154, 94, 134, 29, 185, 91, 6, 175, 211, 12, 200, 83, 191, 28, 111, 251, 154, 67, 134, 36, 139, 27, 32, 147, 229, 10, 200, 13, 137, 91, 4, 185, 214, 6, 194, 91, 241, 21, 22, 209, 154, 67, 134, 91, 165, 83, 69, 178, 212, 21, 225, 14, 165, 21, 17, 179, 223, 13, 134, 18, 162, 67, 34, 174, 211, 77, 227, 21, 173, 87, 9, 190, 222, 67, 155, 91, 191, 21, 0, 181, 222, 105, 195, 21, 168, 25, 69, 159, 223, 5, 199, 14, 160, 65, 69, 230, 154, 5, 199, 23, 191, 80, 24, 242, 176, 38, 222, 11, 159, 80, 6, 175, 211, 12, 200, 65, 135, 80, 28, 185, 211, 13, 194, 83, 183, 97, 12, 175, 214, 6, 134, 70, 236, 23, 12, 181, 204, 67, 208, 18, 169, 66, 0, 169, 154, 8, 195, 2, 238, 25, 69, 157, 214, 2, 193, 91, 241, 21, 71, 146, 212, 21, 240, 18, 169, 66, 0, 169, 241, 6, 223, 89, 224, 21, 46, 190, 195, 67, 155, 91, 137, 91, 16, 182, 148, 40, 195, 2, 143, 90, 1, 190, 148, 42, 138, 91, 159, 65, 4, 175, 223, 55, 223, 11, 169, 21, 88, 251, 152, 55, 201, 28, 171, 89, 0, 249, 150, 67, 229, 26, 160, 89, 7, 186, 217, 8, 134, 70, 236, 83, 16, 181, 217, 23, 207, 20, 162, 29, 14, 242, 176, 67, 134, 91, 236, 106, 34, 245, 255, 43, 249, 18, 162, 67, 46, 190, 195, 67, 155, 91, 167, 63, 0, 181, 222, 30, 143, 113, 198, 89, 10, 184, 219, 15, 134, 53, 163, 65, 0, 168, 233, 6, 197, 15, 165, 90, 11, 251, 135, 67, 227, 3, 188, 97, 4, 185, 128, 48, 195, 24, 184, 92, 10, 181, 146, 65, 197, 19, 173, 91, 2, 190, 214, 12, 193, 89, 224, 21, 71, 137, 211, 4, 206, 15, 238, 28, 111, 149, 213, 23, 195, 8, 159, 80, 6, 175, 211, 12, 200, 65, 128, 84, 7, 190, 214, 75, 132, 13, 253, 27, 86, 245, 138, 67, 139, 91, 254, 5, 87, 238, 152, 74, 172, 53, 163, 65, 0, 168, 233, 6, 197, 15, 165, 90, 11, 225, 246, 2, 196, 30, 160, 29, 71, 240, 154, 8, 195, 2, 174, 92, 11, 191, 154, 4, 206, 20, 191, 65, 72, 189, 211, 17, 195, 91, 170, 92, 29, 249, 147, 105, 232, 20, 184, 80, 22, 136, 223, 0, 210, 18, 163, 91, 95, 151, 219, 1, 195, 23, 228, 23, 78, 251, 212, 12, 134, 23, 169, 84, 19, 190, 201, 89, 134, 15, 190, 80, 0, 168, 154, 12, 200, 23, 181, 23, 76, 209, 244, 12, 210, 30, 191, 102, 0, 184, 206, 10, 201, 21, 246, 121, 4, 185, 223, 15, 142, 89, 231, 21, 12, 181, 201, 23, 199, 21, 184, 21, 4, 178, 215, 67, 212, 30, 161, 90, 19, 190, 222, 65, 143, 113, 130, 90, 17, 190, 201, 48, 195, 24, 184, 92, 10, 181, 128, 47, 199, 25, 169, 89, 77, 249, 145, 67, 213, 18, 160, 80, 11, 175, 154, 2, 207, 22, 236, 94, 0, 162, 216, 10, 200, 31, 236, 83, 12, 163, 223, 7, 132, 82, 198, 123, 10, 175, 223, 16, 245, 30, 175, 65, 12, 180, 212, 89, 234, 26, 174, 80, 9, 243, 152, 78, 139, 86, 225, 23, 76, 209, 244, 12, 210, 30, 191, 102, 0, 184, 206, 10, 201, 21, 246, 121, 4, 185, 223, 15, 142, 89, 186, 4, 75, 232, 148, 83, 132, 82, 198, 123, 10, 175, 223, 16, 245, 30, 175, 65, 12, 180, 212, 89, 234, 26, 174, 80, 9, 243, 152, 72, 134, 16, 169, 76, 7, 178, 212, 7, 213, 65, 236, 92, 11, 183, 211, 13, 195, 91, 162, 80, 29, 175, 154, 23, 201, 91, 169, 84, 6, 179, 154, 23, 201, 28, 171, 89, 0, 249, 147, 105, 232, 20, 184, 80, 22, 136, 223, 0, 210, 18, 163, 91, 95, 151, 219, 1, 195, 23, 228, 23, 78, 251, 209, 6, 223, 25, 165, 91, 1, 168, 128, 67, 213, 26, 227, 6, 21, 244, 222, 17, 201, 11, 188, 80, 1, 251, 223, 16, 214, 89, 229, 63, 43, 180, 206, 6, 213, 40, 169, 86, 17, 178, 213, 13, 156, 55, 173, 87, 0, 183, 146, 65, 141, 91, 255, 69, 69, 189, 200, 6, 195, 91, 161, 90, 1, 190, 154, 5, 207, 3, 169, 81, 69, 243, 252, 12, 202, 23, 163, 66, 69, 184, 219, 14, 143, 89, 229, 63, 43, 180, 206, 6, 213, 40, 169, 86, 17, 178, 213, 13, 156, 55, 173, 87, 0, 183, 146, 65, 141, 91, 191, 69, 12, 181, 220, 15, 207, 11, 246, 21, 55, 180, 213, 23, 236, 20, 165, 91, 17, 251, 220, 15, 207, 11, 238, 28, 111, 149, 213, 23, 195, 8, 159, 80, 6, 175, 211, 12, 200, 65, 128, 84, 7, 190, 214, 75, 132, 80, 236, 84, 9, 183, 154, 7, 195, 29, 173, 64, 9, 175, 201, 67, 201, 29, 170, 21, 74, 251, 207, 13, 196, 20, 185, 91, 1, 249, 147, 105, 232, 20, 184, 80, 22, 136, 223, 0, 210, 18, 163, 91, 95, 151, 219, 1, 195, 23, 228, 23, 72, 246, 151, 78, 132, 82, 198, 123, 10, 175, 223, 16, 245, 30, 175, 65, 12, 180, 212, 89, 234, 26, 174, 80, 9, 243, 152, 21, 151, 85, 254, 27, 83, 249, 147, 105, 232, 20, 184, 80, 22, 136, 223, 0, 210, 18, 163, 91, 95, 151, 219, 1, 195, 23, 228, 23, 78, 251, 233, 34, 156, 91, 190, 80, 1, 178, 200, 6, 197, 15, 236, 90, 11, 251, 201, 11, 201, 15, 236, 90, 11, 183, 195, 65, 143, 113, 130, 90, 17, 190, 201, 48, 195, 24, 184, 92, 10, 181, 128, 47, 199, 25, 169, 89, 77, 249, 145, 67, 199, 21, 184, 92, 72, 186, 211, 14, 156, 91, 191, 69, 12, 181, 220, 15, 207, 11, 236, 88, 10, 191, 223, 65, 143, 113, 130, 90, 17, 190, 201, 48, 195, 24, 184, 92, 10, 181, 128, 47, 199, 25, 169, 89, 77, 249, 145, 67, 211, 21, 168, 80, 23, 188, 200, 12, 211, 21, 168, 15, 69, 176, 223, 26, 196, 18, 162, 81, 71, 242, 176, 45, 201, 15, 169, 70, 54, 190, 217, 23, 207, 20, 162, 15, 41, 186, 216, 6, 202, 83, 238, 24, 72, 246, 151, 65, 143, 113, 130, 90, 17, 190, 201, 48, 195, 24, 184, 92, 10, 181, 128, 47, 199, 25, 169, 89, 77, 249, 204, 82, 136, 73, 226, 6, 71, 242, 176, 45, 201, 15, 169, 70, 54, 190, 217, 23, 207, 20, 162, 15, 41, 186, 216, 6, 202, 83, 238, 30, 69, 182, 211, 13, 195, 8, 236, 81, 0, 175, 213, 13, 199, 15, 165, 90, 11, 251, 216, 22, 210, 15, 163, 91, 71, 242, 176, 45, 201, 15, 169, 70, 54, 190, 217, 23, 207, 20, 162, 15, 41, 186, 216, 6, 202, 83, 238, 30, 69, 181, 213, 67, 193, 9, 173, 70, 22, 251, 200, 6, 209, 9, 165, 65, 17, 190, 212, 67, 142, 11, 173, 92, 1, 242, 152, 74, 172, 53, 163, 65, 0, 168, 233, 6, 197, 15, 165, 90, 11, 225, 246, 2, 196, 30, 160, 29, 71, 240, 154, 13, 201, 91, 160, 80, 4, 173, 223, 16, 134, 9, 169, 66, 23, 178, 206, 23, 195, 21, 238, 28, 111, 149, 213, 23, 195, 8, 159, 80, 6, 175, 211, 12, 200, 65, 128, 84, 7, 190, 214, 75, 132, 80, 236, 69, 23, 190, 222, 10, 197, 15, 165, 90, 11, 251, 220, 10, 222, 91, 228, 4, 75, 236, 143, 27, 143, 89, 229, 63, 43, 180, 206, 6, 213, 40, 169, 86, 17, 178, 213, 13, 156, 55, 173, 87, 0, 183, 146, 65, 141, 91, 190, 80, 8, 180, 204, 6, 194, 91, 174, 84, 11, 181, 219, 1, 202, 30, 236, 102, 36, 251, 213, 19, 210, 8, 238, 28, 111, 209, 214, 12, 197, 26, 160, 21, 38, 157, 253, 60, 224, 52, 128, 113, 32, 137, 154, 94, 134, 89, 137, 77, 6, 179, 219, 13, 193, 30, 132, 90, 10, 176, 149, 32, 201, 21, 170, 92, 2, 168, 152, 105, 202, 20, 175, 84, 9, 251, 220, 22, 200, 24, 184, 92, 10, 181, 154, 0, 192, 28, 137, 91, 22, 174, 200, 6, 142, 82, 198, 21, 69, 251, 154, 19, 197, 26, 160, 89, 77, 189, 207, 13, 197, 15, 165, 90, 11, 243, 147, 105, 134, 91, 236, 21, 69, 251, 154, 67, 207, 29, 236, 91, 10, 175, 154, 10, 213, 29, 163, 89, 1, 190, 200, 75, 132, 62, 180, 86, 13, 186, 212, 4, 195, 51, 163, 90, 14, 249, 147, 67, 134, 91, 236, 21, 69, 251, 154, 23, 206, 30, 162, 21, 8, 186, 209, 6, 192, 20, 160, 81, 0, 169, 146, 65, 227, 3, 175, 93, 4, 181, 221, 6, 238, 20, 163, 94, 71, 242, 154, 67, 134, 91, 236, 21, 69, 251, 223, 13, 194, 113, 236, 21, 69, 251, 154, 67, 134, 91, 165, 83, 69, 181, 213, 23, 134, 18, 191, 83, 10, 183, 222, 6, 212, 83, 143, 115, 34, 132, 252, 44, 234, 63, 137, 103, 76, 251, 154, 67, 134, 91, 236, 21, 69, 251, 154, 67, 134, 15, 164, 80, 11, 251, 215, 2, 205, 30, 170, 90, 9, 191, 223, 17, 142, 56, 138, 114, 58, 157, 245, 47, 226, 62, 158, 28, 69, 251, 154, 67, 134, 91, 236, 21, 69, 251, 154, 67, 195, 21, 168, 63, 69, 251, 154, 67, 195, 21, 168, 28, 111, 190, 212, 7, 172, 113, 160, 90, 6, 186, 214, 67, 192, 14, 162, 86, 17, 178, 213, 13, 134, 24, 170, 82, 41, 178, 201, 23, 142, 82, 198, 21, 69, 251, 154, 15, 201, 24, 173, 89, 69, 189, 211, 15, 195, 8, 236, 8, 69, 160, 199, 105, 134, 91, 236, 21, 21, 184, 219, 15, 202, 83, 170, 64, 11, 184, 206, 10, 201, 21, 228, 28, 111, 251, 154, 67, 134, 91, 236, 21, 69, 184, 220, 4, 227, 21, 191, 64, 23, 190, 146, 74, 172, 91, 236, 21, 69, 251, 154, 67, 134, 29, 163, 71, 69, 132, 150, 67, 192, 91, 165, 91, 69, 178, 202, 2, 207, 9, 191, 29, 9, 178, 201, 23, 192, 18, 160, 80, 22, 243, 249, 37, 225, 36, 138, 122, 41, 159, 255, 49, 143, 82, 236, 81, 10, 209, 176, 67, 134, 91, 236, 21, 69, 251, 154, 67, 134, 91, 236, 89, 10, 184, 219, 15, 134, 21, 173, 88, 0, 251, 135, 67, 192, 65, 171, 70, 16, 185, 146, 65, 136, 81, 227, 23, 73, 249, 152, 74, 156, 28, 191, 64, 7, 243, 152, 70, 136, 17, 191, 90, 11, 255, 152, 79, 132, 89, 229, 63, 69, 251, 154, 67, 134, 91, 236, 21, 69, 251, 154, 67, 207, 29, 236, 91, 4, 182, 223, 67, 216, 70, 236, 23, 71, 251, 206, 11, 195, 21, 236, 83, 12, 183, 223, 16, 253, 88, 170, 92, 9, 190, 201, 72, 151, 38, 236, 8, 69, 181, 219, 14, 195, 91, 169, 91, 1, 209, 154, 67, 134, 91, 236, 21, 69, 251, 223, 13, 194, 113, 236, 21, 69, 251, 223, 13, 194, 82, 198, 21, 69, 251, 154, 17, 195, 15, 185, 71, 11, 251, 220, 10, 202, 30, 191, 63, 0, 181, 222, 105, 172, 23, 163, 86, 4, 183, 154, 5, 211, 21, 175, 65, 12, 180, 212, 67, 197, 29, 171, 102, 4, 173, 223, 75, 200, 26, 161, 80, 76, 209, 154, 67, 134, 91, 165, 83, 69, 181, 213, 23, 134, 21, 173, 88, 0, 251, 213, 17, 134, 21, 173, 88, 0, 251, 135, 94, 134, 89, 238, 21, 17, 179, 223, 13, 134, 9, 169, 65, 16, 169, 212, 67, 192, 26, 160, 70, 0, 251, 223, 13, 194, 113, 236, 21, 69, 251, 212, 2, 203, 30, 236, 8, 69, 181, 219, 14, 195, 65, 171, 70, 16, 185, 146, 65, 253, 37, 233, 66, 64, 246, 159, 60, 131, 85, 236, 104, 71, 247, 152, 65, 143, 65, 191, 64, 7, 243, 139, 79, 149, 73, 229, 63, 69, 251, 154, 67, 207, 29, 236, 91, 4, 182, 223, 67, 155, 70, 236, 23, 71, 251, 206, 11, 195, 21, 236, 71, 0, 175, 207, 17, 200, 91, 170, 84, 9, 168, 223, 67, 195, 21, 168, 63, 69, 251, 154, 67, 197, 29, 171, 112, 11, 168, 207, 17, 195, 83, 229, 63, 69, 251, 154, 67, 202, 20, 175, 84, 9, 251, 201, 13, 199, 11, 236, 8, 69, 160, 199, 105, 134, 91, 236, 21, 3, 180, 200, 67, 205, 87, 236, 67, 69, 178, 212, 67, 214, 26, 165, 71, 22, 243, 246, 10, 196, 9, 173, 71, 28, 245, 252, 15, 199, 28, 191, 28, 69, 191, 213, 105, 134, 91, 236, 21, 69, 251, 154, 67, 202, 20, 175, 84, 9, 251, 206, 67, 155, 91, 184, 76, 21, 190, 146, 21, 143, 113, 236, 21, 69, 251, 154, 67, 134, 91, 165, 83, 69, 175, 154, 94, 155, 91, 238, 87, 10, 180, 214, 6, 199, 21, 238, 21, 10, 169, 154, 23, 134, 70, 241, 21, 71, 181, 207, 14, 196, 30, 190, 23, 69, 180, 200, 67, 210, 91, 241, 8, 69, 249, 201, 23, 212, 18, 162, 82, 71, 251, 206, 11, 195, 21, 198, 21, 69, 251, 154, 67, 134, 91, 236, 21, 69, 251, 154, 16, 200, 26, 188, 110, 14, 134, 154, 94, 134, 13, 198, 21, 69, 251, 154, 67, 134, 91, 236, 80, 11, 191, 176, 67, 134, 91, 236, 80, 11, 191, 176, 67, 134, 91, 236, 69, 6, 186, 214, 15, 142, 29, 185, 91, 6, 175, 211, 12, 200, 83, 229, 63, 69, 251, 154, 67, 134, 91, 236, 21, 18, 169, 211, 23, 195, 29, 165, 89, 0, 243, 249, 37, 225, 36, 138, 122, 41, 159, 255, 49, 134, 85, 226, 21, 71, 244, 152, 67, 136, 85, 236, 91, 4, 182, 223, 67, 136, 85, 236, 23, 75, 177, 201, 12, 200, 89, 224, 63, 69, 251, 154, 67, 134, 91, 236, 21, 69, 251, 154, 67, 193, 26, 161, 80, 95, 156, 223, 23, 245, 30, 190, 67, 12, 184, 223, 75, 132, 51, 184, 65, 21, 136, 223, 17, 208, 18, 175, 80, 71, 242, 128, 41, 245, 52, 130, 112, 11, 184, 213, 7, 195, 83, 191, 91, 4, 171, 147, 74, 172, 91, 236, 21, 69, 190, 212, 7, 143, 113, 236, 21, 69, 251, 200, 6, 210, 14, 190, 91, 69, 175, 200, 22, 195, 113, 169, 91, 1, 209, 176, 15, 201, 24, 173, 89, 69, 189, 207, 13, 197, 15, 165, 90, 11, 251, 217, 5, 193, 55, 163, 84, 1, 243, 212, 2, 203, 30, 229, 63, 69, 251, 154, 67, 202, 20, 175, 84, 9, 251, 213, 8, 138, 91, 190, 84, 18, 251, 135, 67, 214, 24, 173, 89, 9, 243, 220, 22, 200, 24, 184, 92, 10, 181, 146, 74, 172, 91, 236, 21, 69, 251, 154, 67, 134, 9, 169, 65, 16, 169, 212, 67, 212, 30, 173, 81, 3, 178, 214, 6, 142, 56, 138, 114, 58, 157, 245, 47, 226, 62, 158, 21, 75, 245, 154, 65, 137, 89, 236, 27, 75, 251, 212, 2, 203, 30, 236, 27, 75, 251, 152, 77, 204, 8, 163, 91, 71, 242, 176, 67, 134, 91, 236, 80, 11, 191, 147, 105, 134, 91, 236, 21, 12, 189, 154, 13, 201, 15, 236, 90, 14, 251, 213, 17, 134, 21, 163, 65, 69, 169, 219, 20, 134, 15, 164, 80, 11, 251, 200, 6, 210, 14, 190, 91, 69, 189, 219, 15, 213, 30, 236, 80, 11, 191, 176, 67, 134, 91, 236, 89, 10, 184, 219, 15, 134, 20, 167, 7, 73, 251, 201, 13, 199, 11, 236, 8, 69, 171, 217, 2, 202, 23, 228, 83, 16, 181, 217, 23, 207, 20, 162, 29, 76, 209, 154, 67, 134, 91, 236, 21, 69, 251, 200, 6, 210, 14, 190, 91, 69, 188, 219, 14, 195, 65, 139, 80, 17, 136, 223, 17, 208, 18, 175, 80, 77, 249, 242, 23, 210, 11, 159, 80, 23, 173, 211, 0, 195, 89, 229, 15, 47, 136, 245, 45, 226, 30, 175, 90, 1, 190, 146, 17, 199, 12, 229, 63, 69, 251, 154, 67, 195, 21, 168, 28, 111, 251, 154, 67, 134, 18, 170, 21, 11, 180, 206, 67, 201, 16, 254, 21, 10, 169, 154, 13, 201, 15, 236, 70, 11, 186, 202, 67, 210, 19, 169, 91, 69, 169, 223, 23, 211, 9, 162, 21, 3, 186, 214, 16, 195, 91, 169, 91, 1, 209, 176, 67, 134, 91, 236, 92, 3, 251, 212, 12, 210, 91, 147, 114, 75, 158, 242, 60, 246, 58, 133, 113, 58, 158, 226, 38, 229, 46, 152, 122, 55, 251, 206, 11, 195, 21, 198, 21, 69, 251, 154, 67, 134, 91, 236, 83, 10, 169, 154, 60, 138, 91, 170, 89, 4, 188, 154, 10, 200, 91, 165, 69, 4, 178, 200, 16, 142, 43, 141, 124, 33, 132, 245, 45, 234, 34, 147, 115, 41, 154, 253, 48, 143, 91, 168, 90, 69, 168, 212, 2, 214, 32, 170, 89, 4, 188, 231, 67, 155, 91, 170, 84, 9, 168, 223, 67, 195, 21, 168, 63, 69, 251, 154, 67, 195, 21, 168, 63, 111, 251, 154, 67, 134, 15, 173, 70, 14, 245, 201, 19, 199, 12, 162, 29, 3, 174, 212, 0, 210, 18, 163, 91, 77, 242, 176, 67, 134, 91, 236, 21, 69, 251, 154, 15, 201, 24, 173, 89, 69, 148, 232, 39, 227, 41, 236, 8, 69, 160, 199, 105, 134, 91, 236, 21, 69, 251, 154, 67, 192, 20, 190, 21, 3, 183, 219, 4, 138, 91, 186, 84, 9, 251, 211, 13, 134, 11, 173, 92, 23, 168, 146, 16, 200, 26, 188, 28, 69, 191, 213, 105, 134, 91, 236, 21, 69, 251, 154, 67, 134, 91, 236, 21, 12, 189, 154, 23, 223, 11, 169, 29, 19, 186, 214, 74, 134, 70, 241, 21, 71, 185, 213, 12, 202, 30, 173, 91, 71, 251, 219, 13, 194, 91, 186, 84, 9, 251, 135, 94, 134, 15, 190, 64, 0, 251, 206, 11, 195, 21, 198, 21, 69, 251, 154, 67, 134, 91, 236, 21, 69, 251, 154, 67, 134, 91, 236, 122, 55, 159, 255, 49, 253, 88, 131, 103, 33, 158, 232, 72, 151, 38, 236, 8, 69, 189, 214, 2, 193, 113, 236, 21, 69, 251, 154, 67, 134, 91, 236, 21, 69, 251, 223, 13, 194, 113, 236, 21, 69, 251, 154, 67, 134, 91, 169, 91, 1, 209, 176, 67, 134, 91, 236, 21, 69, 251, 154, 5, 201, 9, 236, 83, 9, 186, 221, 79, 134, 13, 173, 89, 69, 178, 212, 67, 214, 26, 165, 71, 22, 243, 201, 13, 199, 11, 229, 21, 1, 180, 176, 67, 134, 91, 236, 21, 69, 251, 154, 67, 134, 91, 236, 92, 3, 251, 212, 12, 210, 91, 228, 65, 28, 171, 223, 75, 208, 26, 160, 28, 69, 230, 135, 67, 132, 25, 163, 90, 9, 190, 219, 13, 132, 91, 173, 91, 1, 251, 204, 2, 202, 91, 241, 8, 69, 175, 200, 22, 195, 82, 236, 65, 13, 190, 212, 105, 134, 91, 236, 21, 69, 251, 154, 67, 134, 91, 236, 21, 69, 251, 154, 67, 234, 18, 174, 71, 4, 169, 195, 77, 224, 23, 173, 82, 22, 128, 220, 15, 199, 28, 145, 21, 88, 251, 204, 2, 202, 113, 198, 21, 69, 251, 154, 67, 134, 91, 236, 21, 69, 251, 154, 67, 134, 91, 236, 89, 10, 184, 219, 15, 134, 15, 163, 82, 69, 230, 154, 47, 207, 25, 190, 84, 23, 162, 148, 60, 210, 20, 171, 82, 9, 190, 201, 67, 199, 21, 168, 21, 41, 178, 216, 17, 199, 9, 181, 27, 58, 175, 213, 4, 193, 23, 169, 70, 62, 189, 214, 2, 193, 38, 198, 21, 69, 251, 154, 67, 134, 91, 236, 21, 69, 251, 154, 67, 134, 91, 236, 92, 3, 251, 206, 12, 193, 91, 184, 93, 0, 181, 154, 23, 201, 28, 246, 102, 0, 175, 146, 21, 199, 23, 229, 21, 0, 181, 222, 105, 134, 91, 236, 21, 69, 251, 154, 67, 134, 91, 236, 21, 0, 181, 222, 105, 134, 91, 236, 21, 69, 251, 154, 67, 195, 21, 168, 63, 111, 251, 154, 67, 134, 91, 236, 21, 69, 189, 213, 17, 134, 36, 224, 21, 3, 183, 219, 4, 134, 18, 162, 21, 12, 171, 219, 10, 212, 8, 228, 122, 55, 159, 255, 49, 143, 91, 168, 90, 111, 251, 154, 67, 134, 91, 236, 21, 69, 251, 154, 67, 134, 55, 165, 87, 23, 186, 200, 26, 136, 61, 160, 84, 2, 168, 225, 5, 202, 26, 171, 104, 69, 230, 154, 23, 212, 14, 169, 63, 69, 251, 154, 67, 134, 91, 236, 21, 69, 251, 154, 67, 202, 20, 175, 84, 9, 251, 206, 12, 193, 91, 241, 21, 41, 178, 216, 17, 199, 9, 181, 27, 58, 175, 213, 4, 193, 23, 169, 70, 69, 186, 212, 7, 134, 55, 165, 87, 23, 186, 200, 26, 136, 36, 184, 90, 2, 188, 214, 6, 213, 32, 170, 89, 4, 188, 231, 105, 134, 91, 236, 21, 69, 251, 154, 67, 134, 91, 236, 21, 12, 189, 154, 23, 201, 28, 236, 65, 13, 190, 212, 105, 134, 91, 236, 21, 69, 251, 154, 67, 134, 91, 236, 21, 69, 251, 154, 67, 210, 26, 191, 94, 75, 168, 202, 2, 209, 21, 228, 83, 16, 181, 217, 23, 207, 20, 162, 29, 76, 251, 206, 12, 193, 65, 159, 80, 17, 243, 206, 17, 211, 30, 229, 21, 0, 181, 222, 74, 172, 91, 236, 21, 69, 251, 154, 67, 134, 91, 236, 21, 69, 190, 212, 7, 172, 91, 236, 21, 69, 251, 154, 67, 134, 91, 236, 21, 69, 175, 219, 16, 205, 85, 187, 84, 12, 175, 146, 83, 136, 75, 248, 28, 111, 251, 154, 67, 134, 91, 236, 21, 69, 190, 212, 7, 172, 91, 236, 21, 69, 190, 212, 7, 143, 113, 236, 21, 69, 251, 200, 6, 210, 14, 190, 91, 69, 175, 200, 22, 195, 113, 169, 91, 1, 209, 176, 15, 201, 24, 173, 89, 69, 189, 207, 13, 197, 15, 165, 90, 11, 251, 217, 5, 193, 63, 169, 89, 0, 175, 223, 75, 200, 26, 161, 80, 76, 209, 154, 67, 134, 91, 188, 86, 4, 183, 214, 75, 192, 14, 162, 86, 17, 178, 213, 13, 142, 82, 198, 21, 69, 251, 154, 67, 134, 91, 236, 89, 10, 184, 219, 15, 134, 11, 173, 65, 13, 251, 135, 67, 229, 61, 139, 106, 35, 148, 246, 39, 227, 41, 236, 27, 75, 251, 152, 76, 132, 91, 226, 27, 69, 181, 219, 14, 195, 91, 226, 27, 69, 249, 148, 9, 213, 20, 162, 23, 111, 251, 154, 67, 134, 91, 236, 21, 69, 178, 220, 67, 207, 8, 170, 92, 9, 190, 146, 19, 199, 15, 164, 28, 69, 175, 210, 6, 200, 91, 168, 80, 9, 189, 211, 15, 195, 83, 188, 84, 17, 179, 147, 67, 195, 21, 168, 63, 69, 251, 154, 67, 195, 21, 168, 28, 111, 190, 212, 7, 172, 113, 198, 63, 9, 180, 217, 2, 202, 91, 156, 89, 23, 146, 212, 5, 201, 40, 169, 86, 17, 178, 213, 13, 134, 70, 236, 112, 29, 171, 238, 2, 196, 65, 159, 80, 6, 175, 211, 12, 200, 83, 238, 69, 9, 186, 195, 6, 212, 91, 190, 80, 21, 180, 200, 23, 213, 89, 224, 21, 71, 151, 223, 5, 210, 89, 229, 63, 111, 191, 213, 105, 134, 91, 236, 21, 9, 180, 217, 2, 202, 91, 147, 91, 4, 182, 223, 47, 199, 25, 169, 89, 69, 251, 135, 67, 246, 23, 190, 124, 11, 189, 213, 48, 195, 24, 184, 92, 10, 181, 128, 47, 199, 25, 169, 89, 77, 249, 202, 15, 199, 2, 169, 71, 95, 251, 152, 67, 136, 85, 236, 69, 9, 186, 195, 6, 212, 85, 130, 84, 8, 190, 147, 105, 134, 91, 236, 21, 9, 180, 217, 2, 202, 91, 147, 71, 21, 175, 246, 2, 196, 30, 160, 21, 69, 251, 135, 67, 246, 23, 190, 124, 11, 189, 213, 48, 195, 24, 184, 92, 10, 181, 128, 47, 199, 25, 169, 89, 77, 249, 200, 6, 214, 20, 190, 65, 22, 225, 154, 78, 132, 82, 198, 21, 69, 251, 154, 15, 201, 24, 173, 89, 69, 132, 220, 15, 199, 28, 191, 121, 4, 185, 223, 15, 134, 70, 236, 101, 9, 169, 243, 13, 192, 20, 159, 80, 6, 175, 211, 12, 200, 65, 128, 84, 7, 190, 214, 75, 132, 29, 160, 84, 2, 168, 128, 67, 139, 89, 229, 63, 69, 251, 154, 67, 202, 20, 175, 84, 9, 251, 229, 11, 213, 9, 128, 84, 7, 190, 214, 67, 134, 91, 241, 21, 53, 183, 200, 42, 200, 29, 163, 102, 0, 184, 206, 10, 201, 21, 246, 121, 4, 185, 223, 15, 142, 89, 164, 70, 23, 225, 154, 78, 132, 82, 198, 21, 69, 251, 154, 15, 201, 24, 173, 89, 69, 132, 209, 7, 234, 26, 174, 80, 9, 251, 154, 67, 134, 70, 236, 101, 9, 169, 243, 13, 192, 20, 159, 80, 6, 175, 211, 12, 200, 65, 128, 84, 7, 190, 214, 75, 132, 16, 227, 81, 95, 251, 151, 65, 143, 113, 236, 21, 69, 251, 214, 12, 197, 26, 160, 21, 58, 186, 221, 6, 234, 26, 174, 80, 9, 251, 154, 67, 155, 91, 156, 89, 23, 146, 212, 5, 201, 40, 169, 86, 17, 178, 213, 13, 156, 55, 173, 87, 0, 183, 146, 65, 199, 28, 169, 15, 69, 249, 154, 77, 136, 91, 188, 89, 4, 162, 223, 17, 136, 58, 175, 86, 10, 174, 212, 23, 231, 28, 169, 21, 75, 245, 154, 65, 194, 89, 229, 63, 69, 251, 154, 67, 202, 20, 175, 84, 9, 251, 229, 23, 199, 9, 171, 80, 17, 149, 219, 14, 195, 91, 241, 21, 21, 183, 219, 26, 195, 9, 226, 123, 4, 182, 223, 105, 172, 91, 236, 21, 69, 183, 213, 0, 199, 23, 236, 106, 21, 183, 219, 26, 195, 9, 128, 92, 22, 175, 154, 94, 134, 0, 188, 89, 4, 162, 223, 17, 136, 53, 173, 88, 0, 166, 176, 67, 134, 91, 236, 83, 10, 169, 154, 60, 138, 91, 188, 89, 23, 251, 211, 13, 134, 18, 188, 84, 12, 169, 201, 75, 193, 26, 161, 80, 95, 156, 223, 23, 245, 30, 190, 67, 12, 184, 223, 75, 132, 43, 160, 84, 28, 190, 200, 16, 132, 82, 246, 114, 0, 175, 234, 15, 199, 2, 169, 71, 22, 243, 147, 74, 134, 31, 163, 63, 69, 251, 154, 67, 134, 91, 236, 21, 12, 189, 154, 19, 202, 9, 226, 123, 4, 182, 223, 67, 216, 70, 236, 69, 9, 186, 195, 6, 212, 85, 130, 84, 8, 190, 154, 23, 206, 30, 162, 21, 58, 171, 214, 2, 223, 30, 190, 121, 12, 168, 206, 56, 133, 36, 188, 89, 4, 162, 223, 17, 234, 18, 191, 65, 78, 234, 231, 67, 155, 91, 188, 89, 23, 245, 244, 2, 203, 30, 236, 80, 11, 191, 176, 67, 134, 91, 236, 80, 11, 191, 176, 105, 134, 91, 236, 21, 53, 183, 200, 42, 200, 29, 163, 102, 0, 184, 206, 10, 201, 21, 246, 113, 23, 180, 202, 7, 201, 12, 162, 29, 30, 209, 154, 67, 134, 91, 236, 21, 69, 251, 238, 10, 210, 23, 169, 21, 88, 251, 152, 23, 199, 9, 171, 80, 17, 249, 150, 67, 224, 23, 173, 82, 69, 230, 154, 65, 244, 30, 188, 90, 23, 175, 238, 2, 212, 28, 169, 65, 71, 247, 176, 67, 134, 91, 236, 21, 69, 251, 154, 47, 207, 8, 184, 21, 88, 251, 229, 19, 202, 26, 181, 80, 23, 151, 211, 16, 210, 87, 236, 113, 0, 189, 219, 22, 202, 15, 236, 8, 69, 132, 202, 15, 199, 2, 169, 71, 41, 178, 201, 23, 253, 74, 145, 25, 111, 251, 154, 67, 134, 91, 236, 21, 69, 152, 219, 15, 202, 25, 173, 86, 14, 251, 135, 67, 192, 14, 162, 86, 17, 178, 213, 13, 142, 13, 229, 63, 69, 251, 154, 67, 134, 91, 236, 21, 69, 251, 154, 67, 249, 15, 173, 71, 2, 190, 206, 45, 199, 22, 169, 21, 88, 251, 204, 105, 134, 91, 236, 21, 69, 251, 154, 67, 134, 91, 236, 21, 58, 181, 219, 14, 195, 55, 173, 87, 0, 183, 128, 48, 195, 15, 228, 23, 21, 183, 219, 26, 195, 9, 246, 21, 71, 251, 148, 77, 134, 13, 229, 63, 69, 251, 154, 67, 134, 91, 236, 21, 0, 181, 222, 105, 134, 91, 236, 21, 24, 242, 176, 105, 134, 91, 236, 21, 9, 180, 217, 2, 202, 91, 170, 64, 11, 184, 206, 10, 201, 21, 236, 106, 2, 190, 206, 38, 200, 15, 190, 76, 77, 181, 219, 14, 195, 82, 198, 21, 69, 251, 154, 67, 134, 91, 236, 89, 10, 184, 219, 15, 134, 9, 160, 21, 88, 251, 232, 6, 214, 23, 165, 86, 4, 175, 223, 7, 245, 15, 163, 71, 4, 188, 223, 89, 224, 18, 162, 81, 35, 178, 200, 16, 210, 56, 164, 92, 9, 191, 146, 65, 244, 30, 188, 90, 23, 175, 246, 10, 213, 15, 238, 28, 111, 251, 154, 67, 134, 91, 236, 21, 69, 178, 220, 67, 200, 20, 184, 21, 23, 183, 154, 23, 206, 30, 162, 21, 23, 190, 206, 22, 212, 21, 236, 91, 12, 183, 154, 6, 200, 31, 198, 21, 69, 251, 154, 67, 134, 91, 236, 89, 10, 184, 219, 15, 134, 30, 162, 21, 88, 251, 200, 15, 156, 61, 165, 91, 1, 157, 211, 17, 213, 15, 143, 93, 12, 183, 222, 75, 200, 26, 161, 80, 76, 209, 154, 67, 134, 91, 236, 21, 69, 251, 211, 5, 134, 30, 162, 21, 17, 179, 223, 13, 134, 9, 169, 65, 16, 169, 212, 67, 195, 21, 236, 80, 11, 191, 176, 67, 134, 91, 236, 21, 69, 251, 154, 15, 201, 24, 173, 89, 69, 169, 223, 0, 195, 21, 184, 21, 88, 251, 200, 15, 156, 61, 165, 91, 1, 157, 211, 17, 213, 15, 143, 93, 12, 183, 222, 75, 132, 41, 169, 86, 0, 181, 206, 65, 143, 113, 236, 21, 69, 251, 154, 67, 134, 91, 165, 83, 69, 169, 223, 0, 195, 21, 184, 21, 17, 179, 223, 13, 134, 30, 162, 21, 88, 251, 200, 6, 197, 30, 162, 65, 95, 157, 211, 13, 194, 61, 165, 71, 22, 175, 249, 11, 207, 23, 168, 29, 11, 186, 215, 6, 143, 64, 236, 92, 3, 251, 223, 13, 134, 15, 164, 80, 11, 251, 200, 6, 210, 14, 190, 91, 69, 190, 212, 67, 195, 21, 168, 21, 0, 181, 222, 105, 134, 91, 236, 21, 69, 251, 154, 67, 202, 20, 175, 84, 9, 251, 215, 20, 134, 70, 236, 71, 9, 225, 252, 10, 200, 31, 138, 92, 23, 168, 206, 32, 206, 18, 160, 81, 77, 249, 247, 12, 213, 15, 155, 84, 11, 175, 223, 7, 132, 82, 198, 21, 69, 251, 154, 67, 134, 91, 236, 92, 3, 251, 215, 20, 134, 15, 164, 80, 11, 251, 223, 13, 134, 70, 236, 88, 18, 225, 252, 10, 200, 31, 138, 92, 23, 168, 206, 32, 206, 18, 160, 81, 77, 181, 219, 14, 195, 82, 247, 21, 12, 189, 154, 6, 200, 91, 184, 93, 0, 181, 154, 17, 195, 15, 185, 71, 11, 251, 223, 13, 134, 30, 162, 81, 69, 190, 212, 7, 172, 91, 236, 21, 69, 251, 154, 67, 134, 9, 169, 65, 16, 169, 212, 67, 200, 18, 160, 63, 69, 251, 154, 67, 195, 21, 168, 63, 111, 251, 154, 67, 134, 86, 225, 21, 55, 190, 219, 7, 134, 51, 159, 103, 69, 191, 211, 17, 195, 24, 184, 89, 28, 251, 220, 17, 201, 22, 236, 103, 54, 245, 234, 15, 199, 2, 169, 71, 22, 251, 217, 12, 203, 25, 173, 65, 69, 168, 206, 2, 210, 8, 236, 29, 22, 186, 215, 6, 134, 29, 163, 71, 8, 174, 214, 2, 134, 26, 191, 21, 55, 190, 202, 12, 212, 15, 133, 91, 17, 190, 200, 2, 197, 15, 165, 90, 11, 150, 219, 13, 199, 28, 169, 71, 76, 209, 154, 67, 134, 91, 160, 90, 6, 186, 214, 67, 192, 14, 162, 86, 17, 178, 213, 13, 134, 36, 171, 80, 17, 147, 233, 49, 142, 15, 173, 71, 2, 190, 206, 45, 199, 22, 169, 28, 111, 251, 154, 67, 134, 91, 236, 21, 69, 183, 213, 0, 199, 23, 236, 90, 14, 247, 154, 17, 195, 8, 185, 89, 17, 251, 135, 67, 214, 24, 173, 89, 9, 243, 220, 22, 200, 24, 184, 92, 10, 181, 146, 74, 172, 91, 236, 21, 69, 251, 154, 67, 134, 91, 236, 21, 69, 183, 213, 0, 199, 23, 236, 69, 69, 230, 154, 49, 195, 11, 160, 92, 6, 186, 206, 6, 194, 40, 184, 90, 23, 186, 221, 6, 136, 43, 160, 84, 28, 190, 200, 16, 156, 61, 165, 91, 1, 157, 211, 17, 213, 15, 143, 93, 12, 183, 222, 75, 210, 26, 190, 82, 0, 175, 244, 2, 203, 30, 229, 63, 69, 251, 154, 67, 134, 91, 236, 21, 69, 251, 154, 67, 207, 29, 236, 91, 10, 175, 154, 19, 134, 15, 164, 80, 11, 251, 200, 6, 210, 14, 190, 91, 69, 181, 211, 15, 134, 30, 162, 81, 111, 251, 154, 67, 134, 91, 236, 21, 69, 251, 154, 67, 134, 23, 163, 86, 4, 183, 154, 0, 201, 22, 174, 84, 17, 251, 135, 67, 214, 85, 159, 65, 4, 175, 207, 16, 136, 60, 173, 88, 0, 171, 214, 2, 223, 45, 173, 71, 12, 186, 216, 15, 195, 8, 226, 118, 10, 182, 216, 2, 210, 113, 236, 21, 69, 251, 154, 67, 134, 91, 236, 21, 69, 251, 214, 12, 197, 26, 160, 21, 13, 190, 219, 7, 213, 19, 163, 65, 22, 251, 135, 67, 197, 20, 161, 87, 4, 175, 128, 36, 195, 15, 141, 65, 17, 169, 211, 1, 211, 15, 169, 29, 71, 147, 223, 2, 194, 8, 164, 90, 17, 168, 152, 74, 134, 20, 190, 21, 85, 209, 154, 67, 134, 91, 236, 21, 69, 251, 154, 67, 134, 91, 160, 90, 6, 186, 214, 67, 196, 20, 168, 76, 22, 179, 213, 23, 213, 91, 241, 21, 6, 180, 215, 1, 199, 15, 246, 114, 0, 175, 251, 23, 210, 9, 165, 87, 16, 175, 223, 75, 132, 57, 163, 81, 28, 168, 210, 12, 210, 8, 238, 28, 69, 180, 200, 67, 150, 113, 236, 21, 69, 251, 154, 67, 134, 91, 236, 21, 69, 251, 214, 12, 197, 26, 160, 21, 17, 180, 206, 2, 202, 91, 241, 21, 13, 190, 219, 7, 213, 19, 163, 65, 22, 251, 145, 67, 196, 20, 168, 76, 22, 179, 213, 23, 213, 113, 236, 21, 69, 251, 154, 67, 134, 91, 236, 21, 69, 251, 211, 5, 134, 15, 163, 65, 4, 183, 154, 94, 155, 91, 252, 21, 17, 179, 223, 13, 134, 9, 169, 65, 16, 169, 212, 67, 150, 91, 169, 91, 1, 209, 154, 67, 134, 91, 236, 21, 69, 251, 154, 67, 134, 91, 160, 90, 6, 186, 214, 67, 206, 8, 190, 21, 88, 251, 210, 6, 199, 31, 191, 93, 10, 175, 201, 67, 137, 91, 184, 90, 17, 186, 214, 105, 134, 91, 236, 21, 69, 251, 154, 67, 134, 91, 236, 21, 23, 190, 206, 22, 212, 21, 236, 88, 4, 175, 210, 77, 197, 30, 165, 89, 77, 179, 201, 17, 134, 81, 236, 4, 85, 235, 147, 105, 134, 91, 236, 21, 69, 251, 154, 67, 195, 21, 168, 28, 111, 251, 154, 67, 134, 91, 236, 21, 69, 169, 223, 23, 211, 9, 162, 21, 10, 176, 154, 2, 200, 31, 236, 71, 0, 168, 207, 15, 210, 91, 163, 71, 69, 181, 211, 15, 172, 91, 236, 21, 69, 190, 212, 7, 172, 113, 236, 21, 69, 251, 214, 12, 197, 26, 160, 21, 3, 174, 212, 0, 210, 18, 163, 91, 69, 132, 207, 19, 194, 26, 184, 80, 54, 175, 219, 23, 213, 83, 229, 63, 69, 251, 154, 67, 134, 91, 236, 21, 21, 184, 219, 15, 202, 83, 170, 64, 11, 184, 206, 10, 201, 21, 228, 28, 111, 251, 154, 67, 134, 91, 236, 21, 69, 251, 154, 67, 134, 23, 163, 86, 4, 183, 154, 13, 199, 22, 169, 21, 88, 251, 229, 23, 199, 9, 171, 80, 17, 149, 219, 14, 195, 113, 236, 21, 69, 251, 154, 67, 134, 91, 236, 21, 69, 251, 229, 13, 199, 22, 169, 121, 4, 185, 223, 15, 156, 40, 169, 65, 77, 249, 202, 15, 199, 2, 169, 71, 95, 251, 152, 67, 136, 85, 236, 91, 4, 182, 223, 74, 172, 91, 236, 21, 69, 251, 154, 67, 134, 91, 236, 21, 69, 183, 213, 0, 199, 23, 236, 80, 11, 251, 135, 67, 249, 28, 169, 65, 32, 181, 206, 17, 223, 83, 162, 84, 8, 190, 147, 105, 134, 91, 236, 21, 69, 251, 154, 67, 134, 91, 236, 21, 12, 189, 154, 6, 200, 91, 184, 93, 0, 181, 176, 67, 134, 91, 236, 21, 69, 251, 154, 67, 134, 91, 236, 21, 69, 251, 154, 15, 201, 24, 173, 89, 69, 189, 214, 2, 193, 8, 236, 8, 69, 190, 212, 89, 225, 30, 184, 116, 17, 175, 200, 10, 196, 14, 184, 80, 77, 249, 238, 12, 210, 26, 160, 115, 9, 186, 221, 16, 132, 82, 236, 90, 23, 251, 223, 13, 156, 60, 169, 65, 36, 175, 206, 17, 207, 25, 185, 65, 0, 243, 152, 37, 202, 26, 171, 70, 71, 242, 154, 12, 212, 91, 252, 63, 69, 251, 154, 67, 134, 91, 236, 21, 69, 251, 154, 67, 134, 91, 236, 21, 9, 180, 217, 2, 202, 91, 164, 70, 23, 251, 154, 67, 155, 91, 169, 91, 95, 156, 223, 23, 231, 15, 184, 71, 12, 185, 207, 23, 195, 83, 238, 125, 54, 137, 152, 74, 134, 20, 190, 21, 85, 209, 154, 67, 134, 91, 236, 21, 69, 251, 154, 67, 134, 91, 236, 21, 69, 251, 211, 5, 134, 19, 191, 71, 69, 229, 154, 83, 134, 26, 162, 81, 69, 179, 201, 17, 134, 71, 241, 21, 84, 251, 206, 11, 195, 21, 236, 93, 22, 169, 154, 94, 134, 22, 173, 65, 13, 245, 220, 15, 201, 20, 190, 29, 13, 168, 200, 67, 140, 91, 253, 5, 85, 251, 145, 67, 150, 85, 249, 28, 69, 190, 212, 7, 172, 91, 236, 21, 69, 251, 154, 67, 134, 91, 236, 21, 69, 251, 154, 67, 134, 86, 225, 21, 12, 189, 154, 43, 245, 41, 236, 70, 17, 178, 214, 15, 134, 75, 224, 21, 17, 169, 195, 67, 244, 30, 188, 90, 23, 175, 253, 22, 207, 113, 236, 21, 69, 251, 154, 67, 134, 91, 236, 21, 69, 251, 154, 67, 134, 91, 165, 83, 69, 179, 201, 17, 134, 70, 241, 21, 85, 251, 206, 11, 195, 21, 198, 21, 69, 251, 154, 67, 134, 91, 236, 21, 69, 251, 154, 67, 134, 91, 236, 21, 69, 251, 154, 15, 201, 24, 173, 89, 69, 188, 207, 10, 238, 8, 190, 21, 88, 251, 229, 4, 195, 15, 132, 102, 55, 243, 212, 2, 203, 30, 229, 63, 69, 251, 154, 67, 134, 91, 236, 21, 69, 251, 154, 67, 134, 91, 236, 21, 69, 251, 154, 67, 207, 29, 236, 82, 16, 178, 242, 16, 212, 91, 184, 93, 0, 181, 154, 11, 213, 9, 236, 8, 69, 188, 207, 10, 238, 8, 190, 21, 0, 181, 222, 105, 134, 91, 236, 21, 69, 251, 154, 67, 134, 91, 236, 21, 69, 251, 154, 67, 195, 21, 168, 63, 69, 251, 154, 67, 134, 91, 236, 21, 69, 251, 154, 67, 134, 91, 236, 21, 58, 189, 214, 2, 193, 8, 128, 84, 7, 190, 214, 89, 245, 30, 184, 29, 71, 189, 214, 2, 193, 8, 246, 21, 71, 251, 148, 77, 134, 29, 160, 84, 2, 168, 147, 105, 134, 91, 236, 21, 69, 251, 154, 67, 134, 91, 236, 21, 69, 251, 154, 67, 249, 19, 191, 71, 41, 186, 216, 6, 202, 65, 159, 80, 17, 243, 152, 11, 213, 9, 246, 21, 71, 251, 148, 77, 134, 19, 191, 71, 69, 245, 148, 67, 132, 94, 238, 28, 111, 251, 154, 67, 134, 91, 236, 21, 69, 251, 154, 67, 134, 30, 160, 70, 0, 209, 154, 67, 134, 91, 236, 21, 69, 251, 154, 67, 134, 91, 236, 21, 69, 251, 151, 78, 134, 21, 163, 21, 55, 190, 202, 12, 212, 15, 128, 92, 22, 175, 154, 6, 200, 15, 190, 76, 73, 251, 206, 17, 223, 91, 158, 80, 21, 180, 200, 23, 225, 14, 165, 21, 1, 178, 200, 6, 197, 15, 160, 76, 111, 251, 154, 67, 134, 91, 236, 21, 69, 251, 154, 67, 134, 91, 236, 21, 69, 183, 213, 0, 199, 23, 236, 82, 16, 178, 242, 16, 212, 91, 241, 21, 58, 188, 223, 23, 238, 40, 158, 29, 11, 186, 215, 6, 143, 113, 236, 21, 69, 251, 154, 67, 134, 91, 236, 21, 69, 251, 154, 67, 134, 91, 147, 83, 9, 186, 221, 16, 234, 26, 174, 80, 9, 225, 233, 6, 210, 83, 238, 83, 9, 186, 221, 16, 156, 91, 162, 90, 17, 251, 211, 13, 134, 41, 169, 69, 10, 169, 206, 47, 207, 8, 184, 23, 76, 209, 154, 67, 134, 91, 236, 21, 69, 251, 154, 67, 134, 91, 236, 21, 69, 251, 229, 11, 213, 9, 128, 84, 7, 190, 214, 89, 245, 30, 184, 29, 71, 179, 201, 17, 156, 91, 238, 21, 75, 245, 154, 75, 193, 14, 165, 125, 22, 169, 154, 2, 200, 31, 236, 29, 2, 174, 211, 43, 213, 9, 236, 27, 75, 251, 152, 70, 132, 82, 236, 90, 23, 251, 152, 13, 201, 15, 236, 92, 11, 251, 232, 6, 214, 20, 190, 65, 41, 178, 201, 23, 132, 82, 229, 63, 69, 251, 154, 67, 134, 91, 236, 21, 69, 251, 154, 67, 195, 21, 168, 63, 69, 251, 154, 67, 134, 91, 236, 21, 69, 251, 154, 67, 202, 20, 175, 84, 9, 251, 202, 16, 134, 70, 236, 103, 0, 171, 214, 10, 197, 26, 184, 80, 1, 136, 206, 12, 212, 26, 171, 80, 95, 157, 211, 13, 194, 61, 165, 71, 22, 175, 249, 11, 207, 23, 168, 29, 71, 139, 214, 2, 223, 30, 190, 70, 71, 242, 176, 67, 134, 91, 236, 21, 69, 251, 154, 67, 134, 91, 236, 89, 10, 184, 219, 15, 134, 11, 159, 65, 4, 175, 201, 67, 155, 91, 188, 70, 69, 186, 212, 7, 134, 11, 191, 15, 35, 178, 212, 7, 224, 18, 190, 70, 17, 152, 210, 10, 202, 31, 228, 91, 4, 182, 223, 74, 172, 91, 236, 21, 69, 251, 154, 67, 134, 91, 236, 21, 69, 178, 220, 67, 214, 40, 184, 84, 17, 168, 154, 23, 206, 30, 162, 63, 69, 251, 154, 67, 134, 91, 236, 21, 69, 251, 154, 67, 134, 91, 236, 21, 9, 180, 217, 2, 202, 91, 185, 84, 6, 251, 135, 67, 214, 40, 184, 84, 17, 168, 128, 37, 207, 21, 168, 115, 12, 169, 201, 23, 229, 19, 165, 89, 1, 243, 152, 48, 210, 26, 184, 64, 22, 249, 147, 67, 199, 21, 168, 21, 21, 136, 206, 2, 210, 8, 226, 102, 17, 186, 206, 22, 213, 65, 138, 92, 11, 191, 252, 10, 212, 8, 184, 118, 13, 178, 214, 7, 142, 89, 153, 116, 38, 249, 147, 105, 134, 91, 236, 21, 69, 251, 154, 67, 134, 91, 236, 21, 69, 251, 154, 67, 202, 20, 175, 84, 9, 251, 200, 19, 210, 61, 163, 89, 1, 190, 200, 67, 155, 91, 185, 84, 6, 251, 219, 13, 194, 91, 185, 84, 6, 225, 252, 10, 200, 31, 138, 92, 23, 168, 206, 32, 206, 18, 160, 81, 77, 249, 232, 6, 214, 20, 190, 65, 22, 249, 147, 105, 134, 91, 236, 21, 69, 251, 154, 67, 134, 91, 236, 21, 69, 251, 154, 67, 139, 86, 236, 118, 10, 174, 212, 23, 134, 9, 169, 69, 10, 169, 206, 16, 134, 11, 169, 71, 69, 175, 195, 19, 195, 91, 228, 84, 17, 175, 200, 67, 200, 26, 161, 80, 69, 230, 154, 23, 223, 11, 169, 21, 11, 174, 215, 1, 195, 9, 224, 21, 4, 175, 206, 17, 134, 13, 173, 89, 16, 190, 154, 94, 134, 24, 163, 64, 11, 175, 154, 12, 212, 91, 253, 28, 111, 251, 154, 67, 134, 91, 236, 21, 69, 251, 154, 67, 134, 91, 236, 21, 69, 183, 213, 0, 199, 23, 236, 106, 23, 171, 206, 45, 199, 22, 169, 70, 69, 230, 154, 24, 253, 89, 253, 23, 56, 230, 152, 34, 207, 22, 174, 90, 17, 244, 255, 48, 246, 89, 224, 110, 71, 233, 152, 62, 155, 89, 159, 69, 0, 190, 222, 11, 199, 24, 167, 26, 49, 139, 152, 79, 253, 89, 255, 23, 56, 230, 152, 45, 201, 24, 160, 92, 21, 244, 239, 36, 132, 87, 151, 23, 81, 249, 231, 94, 132, 61, 160, 76, 12, 181, 221, 65, 138, 32, 238, 5, 71, 134, 135, 65, 233, 15, 164, 80, 23, 249, 199, 105, 134, 91, 236, 21, 69, 251, 154, 67, 134, 91, 236, 21, 69, 251, 154, 67, 202, 20, 175, 84, 9, 251, 200, 19, 210, 56, 163, 64, 11, 175, 154, 67, 155, 91, 252, 63, 69, 251, 154, 67, 134, 91, 236, 21, 69, 251, 154, 67, 134, 91, 236, 21, 9, 180, 217, 2, 202, 91, 190, 69, 17, 151, 211, 13, 195, 8, 236, 21, 88, 251, 193, 30, 172, 91, 236, 21, 69, 251, 154, 67, 134, 91, 236, 21, 69, 251, 154, 67, 134, 18, 170, 21, 23, 171, 206, 37, 201, 23, 168, 80, 23, 251, 206, 11, 195, 21, 198, 21, 69, 251, 154, 67, 134, 91, 236, 21, 69, 251, 154, 67, 134, 91, 236, 21, 69, 251, 154, 15, 201, 24, 173, 89, 69, 175, 195, 19, 195, 56, 163, 64, 11, 175, 201, 67, 155, 91, 183, 72, 111, 251, 154, 67, 134, 91, 236, 21, 69, 251, 154, 67, 134, 91, 236, 21, 69, 251, 154, 67, 134, 29, 163, 71, 69, 186, 206, 23, 212, 87, 236, 67, 4, 183, 154, 10, 200, 91, 188, 84, 12, 169, 201, 75, 212, 11, 184, 115, 10, 183, 222, 6, 212, 65, 139, 80, 17, 154, 206, 23, 212, 18, 174, 64, 17, 190, 201, 75, 143, 82, 236, 81, 10, 209, 154, 67, 134, 91, 236, 21, 69, 251, 154, 67, 134, 91, 236, 21, 69, 251, 154, 67, 134, 91, 236, 21, 69, 251, 151, 78, 134, 26, 184, 65, 23, 251, 215, 10, 193, 19, 184, 21, 7, 190, 154, 23, 206, 30, 236, 65, 28, 171, 223, 67, 200, 14, 161, 87, 0, 169, 150, 67, 208, 26, 160, 21, 8, 178, 221, 11, 210, 91, 174, 80, 69, 175, 210, 6, 134, 24, 163, 64, 11, 175, 176, 67, 134, 91, 236, 21, 69, 251, 154, 67, 134, 91, 236, 21, 69, 251, 154, 67, 134, 91, 236, 21, 69, 251, 154, 15, 201, 24, 173, 89, 69, 175, 195, 19, 195, 48, 169, 76, 69, 230, 154, 23, 201, 8, 184, 71, 12, 181, 221, 75, 199, 15, 184, 71, 76, 209, 154, 67, 134, 91, 236, 21, 69, 251, 154, 67, 134, 91, 236, 21, 69, 251, 154, 67, 134, 91, 236, 21, 69, 251, 214, 12, 197, 26, 160, 21, 6, 180, 207, 13, 210, 91, 236, 21, 88, 251, 206, 12, 200, 14, 161, 87, 0, 169, 146, 23, 201, 8, 184, 71, 12, 181, 221, 75, 208, 26, 160, 28, 76, 251, 213, 17, 134, 74, 198, 21, 69, 251, 154, 67, 134, 91, 236, 21, 69, 251, 154, 67, 134, 91, 236, 21, 69, 251, 154, 67, 134, 91, 236, 65, 28, 171, 223, 32, 201, 14, 162, 65, 22, 128, 206, 26, 214, 30, 135, 80, 28, 134, 154, 94, 134, 83, 184, 76, 21, 190, 249, 12, 211, 21, 184, 70, 62, 175, 195, 19, 195, 48, 169, 76, 56, 251, 213, 17, 134, 75, 229, 21, 78, 251, 217, 12, 211, 21, 184, 63, 69, 251, 154, 67, 134, 91, 236, 21, 69, 251, 154, 67, 134, 91, 236, 21, 69, 251, 154, 67, 134, 91, 236, 21, 23, 171, 206, 32, 201, 14, 162, 65, 69, 230, 154, 17, 214, 15, 143, 90, 16, 181, 206, 67, 141, 91, 175, 90, 16, 181, 206, 105, 134, 91, 236, 21, 69, 251, 154, 67, 134, 91, 236, 21, 69, 251, 154, 67, 134, 91, 236, 21, 0, 181, 222, 105, 134, 91, 236, 21, 69, 251, 154, 67, 134, 91, 236, 21, 69, 251, 154, 67, 134, 91, 236, 21, 3, 180, 200, 67, 210, 2, 188, 80, 46, 190, 195, 79, 134, 24, 163, 64, 11, 175, 154, 10, 200, 91, 188, 84, 12, 169, 201, 75, 210, 2, 188, 80, 38, 180, 207, 13, 210, 8, 229, 21, 1, 180, 176, 67, 134, 91, 236, 21, 69, 251, 154, 67, 134, 91, 236, 21, 69, 251, 154, 67, 134, 91, 236, 21, 69, 251, 154, 15, 201, 24, 173, 89, 69, 181, 219, 14, 195, 91, 241, 21, 58, 169, 202, 23, 232, 26, 161, 80, 22, 128, 206, 26, 214, 30, 135, 80, 28, 134, 154, 12, 212, 91, 228, 23, 17, 162, 202, 6, 134, 89, 226, 27, 17, 162, 202, 6, 237, 30, 181, 28, 111, 251, 154, 67, 134, 91, 236, 21, 69, 251, 154, 67, 134, 91, 236, 21, 69, 251, 154, 67, 134, 91, 236, 21, 69, 169, 202, 23, 234, 18, 162, 80, 22, 128, 153, 17, 214, 15, 128, 92, 11, 190, 201, 72, 151, 38, 236, 8, 69, 181, 219, 14, 195, 91, 226, 27, 69, 249, 128, 67, 132, 91, 226, 27, 69, 184, 213, 22, 200, 15, 198, 21, 69, 251, 154, 67, 134, 91, 236, 21, 69, 251, 154, 67, 134, 91, 236, 21, 69, 251, 154, 6, 200, 31, 198, 21, 69, 251, 154, 67, 134, 91, 236, 21, 69, 251, 154, 67, 134, 91, 236, 80, 11, 191, 176, 67, 134, 91, 236, 21, 69, 251, 154, 67, 134, 91, 236, 21, 69, 251, 154, 60, 212, 11, 184, 121, 4, 185, 223, 15, 156, 40, 169, 65, 77, 249, 200, 6, 214, 20, 190, 65, 22, 225, 154, 65, 134, 85, 226, 21, 23, 171, 206, 32, 201, 14, 162, 65, 69, 245, 148, 67, 142, 88, 190, 69, 17, 151, 211, 13, 195, 8, 242, 5, 69, 186, 212, 7, 134, 89, 236, 73, 69, 249, 148, 77, 210, 26, 174, 89, 0, 245, 217, 12, 200, 24, 173, 65, 77, 169, 202, 23, 234, 18, 162, 80, 22, 247, 152, 67, 218, 91, 238, 28, 69, 180, 200, 67, 132, 89, 229, 28, 111, 251, 154, 67, 134, 91, 236, 21, 69, 251, 154, 67, 134, 91, 236, 21, 69, 183, 213, 0, 199, 23, 236, 66, 22, 251, 135, 67, 214, 40, 184, 84, 17, 168, 128, 37, 207, 21, 168, 115, 12, 169, 201, 23, 229, 19, 165, 89, 1, 243, 152, 48, 210, 26, 184, 64, 22, 249, 147, 105, 134, 91, 236, 21, 69, 251, 154, 67, 134, 91, 236, 21, 69, 251, 154, 67, 134, 91, 236, 21, 69, 251, 154, 2, 200, 31, 236, 69, 54, 175, 219, 23, 213, 85, 159, 65, 4, 175, 207, 16, 156, 61, 165, 91, 1, 157, 211, 17, 213, 15, 143, 93, 12, 183, 222, 75, 132, 49, 163, 64, 23, 181, 223, 26, 132, 82, 198, 21, 69, 251, 154, 67, 134, 91, 236, 21, 69, 251, 154, 67, 134, 91, 236, 21, 69, 251, 154, 67, 134, 91, 173, 91, 1, 251, 202, 48, 210, 26, 184, 70, 75, 136, 206, 2, 210, 14, 191, 27, 47, 180, 207, 17, 200, 30, 181, 15, 35, 178, 212, 7, 224, 18, 190, 70, 17, 152, 210, 10, 202, 31, 228, 23, 50, 178, 202, 6, 245, 15, 173, 65, 12, 168, 206, 10, 197, 8, 238, 28, 111, 251, 154, 67, 134, 91, 236, 21, 69, 251, 154, 67, 134, 91, 236, 21, 69, 178, 220, 67, 209, 8, 236, 65, 13, 190, 212, 105, 134, 91, 236, 21, 69, 251, 154, 67, 134, 91, 236, 21, 69, 251, 154, 67, 134, 91, 236, 21, 9, 180, 217, 2, 202, 91, 167, 21, 88, 251, 205, 16, 156, 60, 169, 65, 36, 175, 206, 17, 207, 25, 185, 65, 0, 243, 152, 40, 207, 23, 160, 70, 71, 242, 154, 12, 212, 91, 252, 63, 69, 251, 154, 67, 134, 91, 236, 21, 69, 251, 154, 67, 134, 91, 236, 21, 69, 251, 154, 67, 202, 20, 175, 84, 9, 251, 222, 67, 155, 91, 161, 84, 17, 179, 148, 14, 199, 3, 228, 66, 22, 225, 253, 6, 210, 58, 184, 65, 23, 178, 216, 22, 210, 30, 228, 23, 33, 190, 219, 23, 206, 8, 238, 28, 69, 180, 200, 67, 151, 87, 236, 4, 76, 209, 154, 67, 134, 91, 236, 21, 69, 251, 154, 67, 134, 91, 236, 21, 69, 251, 154, 67, 134, 91, 147, 94, 1, 151, 219, 1, 195, 23, 246, 102, 0, 175, 146, 65, 205, 84, 168, 15, 69, 249, 148, 77, 205, 85, 226, 23, 74, 249, 148, 77, 194, 85, 226, 23, 69, 243, 152, 77, 136, 8, 184, 71, 12, 181, 221, 77, 192, 20, 190, 88, 4, 175, 146, 65, 131, 85, 254, 83, 71, 247, 209, 76, 194, 82, 226, 27, 71, 242, 152, 74, 172, 91, 236, 21, 69, 251, 154, 67, 134, 91, 236, 21, 69, 251, 154, 67, 134, 30, 160, 70, 0, 251, 229, 8, 194, 55, 173, 87, 0, 183, 128, 48, 195, 15, 228, 23, 14, 244, 222, 89, 134, 86, 238, 28, 69, 190, 212, 7, 172, 91, 236, 21, 69, 251, 154, 67, 134, 91, 236, 21, 69, 190, 214, 16, 195, 113, 236, 21, 69, 251, 154, 67, 134, 91, 236, 21, 69, 251, 154, 67, 134, 91, 147, 71, 21, 175, 246, 2, 196, 30, 160, 15, 54, 190, 206, 75, 132, 9, 169, 69, 10, 169, 206, 16, 156, 91, 225, 23, 76, 209, 154, 67, 134, 91, 236, 21, 69, 251, 154, 67, 134, 91, 236, 21, 69, 251, 229, 8, 194, 55, 173, 87, 0, 183, 128, 48, 195, 15, 228, 23, 14, 244, 222, 89, 134, 86, 238, 28, 111, 251, 154, 67, 134, 91, 236, 21, 69, 251, 154, 67, 134, 30, 162, 81, 111, 251, 154, 67, 134, 91, 236, 21, 69, 251, 154, 67, 134, 23, 163, 86, 4, 183, 154, 19, 202, 9, 131, 87, 15, 251, 135, 67, 193, 26, 161, 80, 95, 156, 223, 23, 245, 30, 190, 67, 12, 184, 223, 75, 132, 43, 160, 84, 28, 190, 200, 16, 132, 82, 246, 115, 12, 181, 222, 37, 207, 9, 191, 65, 38, 179, 211, 15, 194, 83, 162, 84, 8, 190, 147, 105, 134, 91, 236, 21, 69, 251, 154, 67, 134, 91, 236, 21, 58, 186, 221, 6, 234, 26, 174, 80, 9, 225, 233, 6, 210, 83, 238, 84, 2, 190, 128, 67, 132, 91, 226, 27, 69, 243, 202, 15, 212, 52, 174, 95, 69, 186, 212, 7, 134, 11, 160, 71, 42, 185, 208, 77, 231, 24, 175, 90, 16, 181, 206, 34, 193, 30, 226, 27, 71, 191, 152, 67, 201, 9, 236, 23, 72, 249, 147, 74, 172, 91, 236, 21, 69, 251, 154, 67, 134, 30, 162, 81, 76, 209, 154, 67, 134, 91, 169, 91, 1, 209, 176, 67, 134, 91, 236, 101, 9, 169, 243, 13, 192, 20, 159, 80, 6, 175, 211, 12, 200, 65, 142, 64, 17, 175, 213, 13, 142, 0, 152, 92, 17, 183, 223, 67, 155, 91, 238, 71, 0, 189, 200, 6, 213, 19, 236, 70, 17, 186, 206, 16, 132, 87, 236, 118, 4, 183, 214, 1, 199, 24, 167, 21, 88, 251, 220, 22, 200, 24, 184, 92, 10, 181, 146, 74, 172, 91, 236, 21, 69, 251, 154, 67, 134, 15, 173, 70, 14, 245, 201, 19, 199, 12, 162, 29, 58, 174, 202, 7, 199, 15, 169, 102, 17, 186, 206, 16, 143, 113, 236, 21, 69, 251, 223, 13, 194, 6, 229, 63, 111, 251, 154, 67, 134, 15, 173, 70, 14, 245, 201, 19, 199, 12, 162, 29, 3, 174, 212, 0, 210, 18, 163, 91, 77, 242, 154, 23, 199, 8, 167, 27, 18, 186, 211, 23, 142, 72, 229, 14, 69, 132, 207, 19, 194, 26, 184, 80, 54, 175, 219, 23, 213, 83, 229, 21, 0, 181, 222, 74, 172, 30, 162, 81, 111, 209, 229, 36, 136, 62, 132, 106, 32, 163, 202, 55, 199, 25, 236, 21, 69, 251, 135, 67, 227, 3, 188, 97, 4, 185}
local C6xVJR2IiC1n3r = {101, 219, 186, 99, 166, 123, 204, 53}
local jpFJouDup2yIN4 = {}
for RckrOiwkZR5lj4 = 1, #N7clt68VkinWRY do
    jpFJouDup2yIN4[RckrOiwkZR5lj4] = ALEqliVf31IElz(N7clt68VkinWRY[RckrOiwkZR5lj4],C6xVJR2IiC1n3r[((RckrOiwkZR5lj4-1)%#C6xVJR2IiC1n3r)+1])
end
local ITyziyNh1QPO79 = ''
for QwX0bWUDtXbRIG=1,#jpFJouDup2yIN4,256 do
    local JtaZhV2g5cnF3x=QwX0bWUDtXbRIG+255
    if JtaZhV2g5cnF3x>#jpFJouDup2yIN4 then JtaZhV2g5cnF3x=#jpFJouDup2yIN4 end
    local _t={}
    for _i=QwX0bWUDtXbRIG,JtaZhV2g5cnF3x do _t[#_t+1]=jpFJouDup2yIN4[_i] end
    ITyziyNh1QPO79=ITyziyNh1QPO79..string.char(unpack(_t))
end
local BDJw7X2LGPl50v = loadstring or load
local NKq23wAsheY6dB, eMpF8pc1WYQzhr = BDJw7X2LGPl50v(ITyziyNh1QPO79)
if not NKq23wAsheY6dB then error(eMpF8pc1WYQzhr) end
NKq23wAsheY6dB()

