local v5ny87xbly9D1 = (87 * 7)
for VquHw = 1, 4 do local sLYpDjVv = VquHw end
local IYkGIxXMW = 794579
do local Sy4vAtA9EP = 4964 end
local UQwMkWZWK = "WiXqj9hW2o3rxO"
local v30HrJkh9kzjvV5e = 875001
local EvtX2itWAhrk3rV = 816245
local ysSDMWtwa7j = 771995
for H57I9 = 1, 5 do local qGGWFJzg = H57I9 end
for A5SMO = 1, 4 do local LgYDEGdf = A5SMO end
local j0JqVy2bxEds5lOQ = 662599
local np4TWd9Hpp3 = "n5qm0nlT"
do local RhKCkK3xtg = 4140 end
do local fjqjL4NsjP = 4450 end
do local f8qEnkswwX = 6645 end
local tDMwBhXlbW = "sslPdSzWWKyHSgx"
local VMD7k5Ew8O4rVn = (86 * 100)
local DlU8RWZIjwqt = (64 * 71)
local K1Z81kN5Iyisq = "AAbdDPrL"
local y0e83y1Vya1 = (40 * 83)
local YQZKOufG = math.random(1,1000)
local DuA8iStsIW = (48 * 91)
local wYhxmYarj7XM = (81 * 94)
local function PDKO8MlnfFilqF(nbn1zr,CF25ZG)
    local kCYbdg,BlW7kA=0,1
    while nbn1zr>0 or CF25ZG>0 do
        if (nbn1zr%2)~=(CF25ZG%2) then kCYbdg=kCYbdg+BlW7kA end
        nbn1zr=math.floor(nbn1zr/2)
        CF25ZG=math.floor(CF25ZG/2)
        BlW7kA=BlW7kA*2
    end
    return kCYbdg
end
local f7RSNlY7I1E84z = {187, 29, 215, 141, 148, 8, 210, 153, 185, 22, 219, 155, 216, 8, 184, 208, 136, 53, 154, 169, 176, 119, 210, 153, 185, 22, 219, 155, 242, 68, 234, 147, 182, 30, 148, 160, 145, 74, 247, 145, 165, 11, 148, 209, 216, 119, 194, 222, 146, 58, 235, 160, 145, 74, 247, 145, 165, 11, 190, 133, 158, 8, 235, 159, 163, 82, 235, 191, 185, 8, 241, 152, 178, 28, 148, 179, 171, 105, 165, 205, 247, 9, 201, 204, 157, 70, 225, 250, 190, 20, 148, 130, 151, 92, 165, 175, 150, 51, 148, 152, 144, 77, 235, 208, 136, 51, 245, 204, 197, 8, 254, 141, 247, 23, 218, 136, 242, 65, 227, 208, 185, 29, 192, 204, 167, 125, 194, 208, 163, 26, 209, 130, 216, 119, 208, 183, 247, 79, 148, 151, 133, 8, 224, 158, 179, 120, 190, 161, 153, 65, 235, 164, 182, 16, 148, 209, 216, 127, 236, 158, 179, 29, 195, 214, 172, 73, 231, 216, 245, 23, 199, 156, 218, 1, 143, 250, 146, 33, 228, 175, 140, 90, 233, 208, 234, 82, 249, 141, 145, 70, 209, 145, 181, 72, 231, 137, 155, 92, 236, 159, 185, 90, 150, 143, 151, 70, 241, 130, 184, 30, 150, 192, 216, 10, 201, 149, 177, 6, 150, 197, 242, 68, 234, 147, 182, 30, 148, 179, 140, 71, 226, 181, 132, 34, 241, 130, 153, 74, 233, 149, 179, 82, 137, 204, 189, 123, 213, 179, 163, 0, 216, 214, 172, 71, 226, 151, 187, 23, 156, 151, 172, 65, 241, 156, 178, 82, 137, 204, 218, 77, 235, 145, 181, 30, 209, 136, 218, 4, 165, 182, 187, 19, 211, 204, 197, 8, 167, 181, 132, 34, 241, 130, 153, 74, 233, 149, 179, 80, 152, 204, 188, 77, 227, 145, 162, 30, 192, 204, 197, 8, 227, 145, 187, 1, 209, 145, 209, 34, 218, 132, 184, 21, 241, 191, 168, 109, 235, 145, 181, 30, 209, 136, 194, 99, 224, 137, 181, 27, 218, 136, 208, 83, 209, 153, 163, 30, 209, 204, 197, 8, 167, 149, 164, 2, 148, 135, 157, 81, 167, 220, 247, 52, 216, 141, 159, 8, 184, 208, 245, 55, 231, 188, 179, 77, 252, 210, 251, 82, 255, 137, 129, 8, 184, 208, 146, 28, 193, 129, 214, 99, 224, 137, 148, 29, 208, 137, 214, 108, 224, 156, 178, 6, 209, 192, 216, 123, 241, 145, 163, 23, 224, 149, 136, 77, 165, 205, 247, 80, 245, 128, 143, 73, 252, 131, 245, 94, 148, 175, 153, 68, 233, 146, 182, 17, 223, 204, 197, 8, 227, 133, 185, 17, 192, 133, 151, 70, 173, 217, 247, 23, 218, 136, 133, 1, 143, 181, 132, 34, 247, 152, 138, 68, 191, 164, 184, 21, 211, 128, 157, 0, 254, 164, 190, 6, 216, 137, 216, 21, 165, 210, 164, 26, 219, 155, 216, 70, 228, 157, 178, 1, 150, 192, 216, 110, 233, 145, 176, 82, 137, 204, 218, 109, 214, 160, 153, 19, 217, 137, 139, 10, 169, 208, 147, 23, 210, 141, 141, 68, 241, 208, 234, 82, 210, 141, 148, 91, 224, 141, 254, 120, 241, 191, 168, 107, 241, 130, 187, 72, 224, 131, 159, 79, 233, 149, 255, 9, 224, 133, 140, 68, 224, 208, 234, 82, 150, 159, 144, 71, 242, 208, 179, 27, 199, 152, 153, 70, 230, 149, 245, 94, 148, 170, 148, 73, 226, 208, 234, 82, 150, 169, 171, 120, 193, 153, 164, 6, 150, 192, 216, 108, 224, 150, 182, 7, 216, 152, 216, 21, 165, 150, 182, 30, 199, 137, 133, 1, 143, 181, 132, 34, 247, 152, 138, 68, 191, 164, 184, 21, 211, 128, 157, 0, 254, 164, 190, 6, 216, 137, 216, 21, 165, 210, 164, 26, 219, 155, 216, 64, 224, 145, 187, 6, 220, 206, 212, 8, 195, 156, 182, 21, 148, 209, 216, 10, 192, 163, 135, 58, 209, 141, 148, 92, 237, 210, 251, 82, 240, 137, 158, 73, 240, 156, 163, 82, 137, 204, 158, 73, 233, 131, 178, 15, 157, 230, 189, 123, 213, 179, 163, 0, 216, 214, 172, 71, 226, 151, 187, 23, 156, 151, 172, 65, 241, 156, 178, 82, 137, 204, 218, 91, 237, 159, 160, 82, 195, 137, 153, 88, 234, 158, 245, 94, 148, 170, 148, 73, 226, 208, 234, 82, 150, 169, 171, 120, 210, 149, 182, 2, 219, 130, 218, 4, 165, 180, 178, 20, 213, 153, 148, 92, 165, 205, 247, 20, 213, 128, 139, 77, 248, 217, 221, 55, 231, 188, 187, 92, 247, 156, 237, 38, 219, 139, 159, 68, 224, 216, 172, 38, 221, 152, 148, 77, 165, 205, 247, 80, 218, 156, 155, 8, 224, 131, 167, 80, 152, 204, 190, 68, 228, 151, 247, 79, 148, 206, 189, 123, 213, 190, 167, 17, 150, 192, 216, 108, 224, 150, 182, 7, 216, 152, 216, 21, 165, 150, 182, 30, 199, 137, 133, 1, 143, 181, 132, 34, 247, 152, 138, 68, 191, 164, 184, 21, 211, 128, 157, 0, 254, 164, 190, 6, 216, 137, 216, 21, 165, 210, 163, 23, 213, 129, 216, 75, 237, 149, 180, 25, 150, 192, 216, 110, 233, 145, 176, 82, 137, 204, 218, 109, 214, 160, 131, 23, 213, 129, 218, 4, 165, 180, 178, 20, 213, 153, 148, 92, 165, 205, 247, 20, 213, 128, 139, 77, 248, 217, 221, 55, 231, 188, 187, 92, 247, 156, 237, 38, 219, 139, 159, 68, 224, 216, 172, 38, 221, 152, 148, 77, 165, 205, 247, 80, 194, 133, 139, 65, 231, 156, 178, 82, 215, 132, 157, 75, 238, 208, 180, 29, 216, 131, 138, 10, 169, 208, 145, 30, 213, 139, 216, 21, 165, 210, 146, 33, 228, 186, 145, 91, 198, 152, 178, 17, 223, 206, 212, 8, 193, 149, 177, 19, 193, 128, 140, 8, 184, 208, 177, 19, 216, 159, 157, 85, 172, 250, 221, 55, 231, 188, 187, 92, 247, 156, 237, 38, 219, 139, 159, 68, 224, 216, 172, 38, 221, 152, 148, 77, 165, 205, 247, 80, 199, 132, 151, 95, 165, 149, 175, 6, 198, 141, 155, 92, 246, 210, 251, 82, 242, 128, 153, 79, 165, 205, 247, 80, 241, 191, 168, 109, 253, 132, 165, 19, 215, 152, 139, 10, 169, 208, 147, 23, 210, 141, 141, 68, 241, 208, 234, 82, 210, 141, 148, 91, 224, 220, 247, 49, 213, 128, 148, 74, 228, 147, 188, 82, 137, 204, 158, 93, 235, 147, 163, 27, 219, 130, 208, 91, 172, 250, 247, 82, 148, 204, 145, 78, 165, 149, 164, 2, 231, 204, 140, 64, 224, 158, 247, 23, 199, 156, 171, 6, 246, 152, 184, 5, 241, 148, 140, 90, 228, 147, 163, 1, 148, 209, 216, 91, 165, 149, 185, 22, 190, 137, 150, 76, 248, 217, 221, 55, 231, 188, 187, 92, 247, 156, 237, 38, 219, 139, 159, 68, 224, 216, 172, 38, 221, 152, 148, 77, 165, 205, 247, 80, 199, 132, 151, 95, 165, 152, 164, 0, 145, 206, 212, 8, 195, 156, 182, 21, 148, 209, 216, 10, 192, 163, 135, 33, 220, 131, 143, 96, 214, 162, 245, 94, 148, 168, 157, 78, 228, 133, 187, 6, 148, 209, 216, 78, 228, 156, 164, 23, 152, 204, 187, 73, 233, 156, 181, 19, 215, 135, 216, 21, 165, 150, 162, 28, 215, 152, 145, 71, 235, 216, 164, 91, 190, 204, 216, 8, 165, 153, 177, 82, 209, 159, 136, 123, 165, 132, 191, 23, 218, 204, 157, 91, 245, 163, 249, 1, 220, 131, 143, 96, 214, 162, 247, 79, 148, 159, 216, 77, 235, 148, 221, 23, 218, 136, 133, 1, 143, 181, 132, 34, 247, 152, 138, 68, 191, 164, 184, 21, 211, 128, 157, 0, 254, 164, 190, 6, 216, 137, 216, 21, 165, 210, 164, 26, 219, 155, 216, 90, 224, 128, 184, 0, 192, 159, 218, 4, 165, 182, 187, 19, 211, 204, 197, 8, 167, 181, 132, 34, 231, 132, 151, 95, 215, 149, 167, 29, 198, 152, 139, 10, 169, 208, 147, 23, 210, 141, 141, 68, 241, 208, 234, 82, 210, 141, 148, 91, 224, 220, 247, 49, 213, 128, 148, 74, 228, 147, 188, 82, 137, 204, 158, 93, 235, 147, 163, 27, 219, 130, 208, 91, 172, 250, 247, 82, 148, 204, 145, 78, 165, 149, 164, 2, 231, 204, 140, 64, 224, 158, 247, 23, 199, 156, 171, 6, 246, 152, 184, 5, 230, 137, 136, 71, 247, 132, 164, 82, 137, 204, 139, 8, 224, 158, 179, 120, 209, 130, 156, 85, 172, 250, 146, 33, 228, 175, 140, 90, 233, 202, 132, 30, 221, 136, 157, 90, 173, 139, 131, 27, 192, 128, 157, 8, 184, 208, 245, 0, 209, 130, 156, 77, 247, 208, 179, 27, 199, 152, 153, 70, 230, 149, 245, 94, 148, 170, 148, 73, 226, 208, 234, 82, 150, 169, 171, 120, 215, 149, 185, 22, 209, 158, 188, 65, 246, 132, 245, 94, 148, 191, 129, 69, 231, 159, 187, 82, 137, 204, 218, 69, 167, 220, 247, 54, 209, 138, 153, 93, 233, 132, 247, 79, 148, 221, 200, 24, 181, 220, 247, 63, 221, 130, 216, 21, 165, 193, 231, 66, 152, 204, 181, 73, 253, 208, 234, 82, 129, 220, 200, 24, 169, 208, 147, 23, 215, 133, 149, 73, 233, 131, 247, 79, 148, 221, 133, 1, 143, 181, 132, 34, 247, 152, 138, 68, 191, 164, 184, 21, 211, 128, 157, 0, 254, 164, 190, 6, 216, 137, 216, 21, 165, 210, 164, 26, 219, 155, 216, 74, 234, 136, 245, 94, 148, 170, 148, 73, 226, 208, 234, 82, 150, 169, 171, 120, 214, 152, 184, 5, 246, 131, 128, 10, 169, 208, 147, 23, 210, 141, 141, 68, 241, 208, 234, 82, 210, 141, 148, 91, 224, 220, 247, 49, 213, 128, 148, 74, 228, 147, 188, 82, 137, 204, 158, 93, 235, 147, 163, 27, 219, 130, 208, 91, 172, 250, 247, 82, 148, 204, 145, 78, 165, 149, 164, 2, 231, 204, 140, 64, 224, 158, 221, 82, 148, 204, 216, 8, 165, 208, 247, 23, 199, 156, 171, 6, 231, 159, 175, 63, 219, 136, 157, 8, 184, 208, 164, 82, 213, 130, 156, 8, 173, 188, 190, 16, 198, 141, 138, 81, 171, 182, 187, 19, 211, 159, 163, 10, 192, 163, 135, 48, 219, 148, 181, 71, 225, 149, 245, 47, 148, 131, 138, 8, 167, 179, 184, 0, 218, 137, 138, 10, 172, 208, 184, 0, 148, 206, 182, 71, 235, 149, 245, 120, 148, 204, 216, 8, 224, 158, 179, 120, 209, 130, 156, 85, 172, 250, 221, 55, 231, 188, 187, 71, 233, 159, 165, 1, 148, 209, 216, 101, 228, 153, 185, 38, 213, 142, 194, 123, 224, 147, 163, 27, 219, 130, 208, 10, 224, 131, 167, 82, 215, 131, 148, 71, 247, 131, 245, 94, 148, 206, 170, 65, 226, 152, 163, 80, 157, 230, 189, 123, 213, 179, 184, 30, 219, 158, 139, 18, 209, 159, 176, 21, 216, 137, 208, 83, 209, 153, 163, 30, 209, 204, 197, 8, 167, 146, 184, 10, 148, 143, 151, 68, 234, 130, 245, 94, 148, 170, 148, 73, 226, 208, 234, 82, 150, 169, 171, 120, 199, 159, 175, 49, 219, 128, 151, 90, 209, 159, 176, 80, 152, 204, 188, 77, 227, 145, 162, 30, 192, 204, 197, 8, 227, 145, 187, 1, 209, 145, 209, 18, 198, 159, 187, 29, 198, 156, 145, 75, 238, 149, 165, 90, 207, 175, 151, 68, 234, 130, 247, 79, 148, 175, 151, 68, 234, 130, 228, 92, 210, 158, 151, 69, 215, 183, 149, 90, 134, 217, 205, 4, 165, 193, 226, 71, 152, 204, 202, 24, 176, 217, 251, 82, 242, 128, 153, 79, 165, 205, 247, 80, 241, 191, 168, 106, 234, 136, 148, 29, 216, 131, 138, 10, 248, 217, 221, 55, 231, 188, 187, 71, 233, 159, 165, 1, 142, 184, 151, 79, 226, 156, 178, 90, 207, 184, 145, 92, 233, 149, 247, 79, 148, 206, 150, 73, 232, 149, 247, 17, 219, 128, 151, 90, 167, 220, 247, 52, 216, 141, 159, 8, 184, 208, 245, 55, 231, 188, 182, 73, 232, 149, 148, 29, 216, 131, 138, 124, 234, 151, 245, 94, 148, 168, 157, 78, 228, 133, 187, 6, 148, 209, 216, 78, 228, 156, 164, 23, 201, 197, 194, 107, 234, 156, 184, 0, 196, 133, 155, 67, 224, 130, 255, 9, 247, 131, 148, 71, 247, 208, 234, 82, 247, 131, 148, 71, 247, 195, 249, 20, 198, 131, 149, 122, 194, 178, 255, 64, 129, 217, 212, 8, 180, 197, 226, 94, 148, 222, 200, 29, 172, 220, 247, 52, 216, 141, 159, 8, 184, 208, 245, 55, 231, 188, 182, 73, 232, 149, 148, 29, 216, 131, 138, 10, 248, 217, 221, 55, 231, 188, 187, 71, 233, 159, 165, 1, 142, 184, 151, 79, 226, 156, 178, 90, 207, 184, 145, 92, 233, 149, 247, 79, 148, 206, 139, 67, 224, 156, 178, 6, 219, 130, 216, 75, 234, 156, 184, 0, 150, 192, 216, 110, 233, 145, 176, 82, 137, 204, 218, 109, 214, 160, 132, 25, 209, 128, 187, 71, 233, 159, 165, 38, 219, 139, 218, 4, 165, 180, 178, 20, 213, 153, 148, 92, 165, 205, 247, 20, 213, 128, 139, 77, 248, 217, 237, 49, 219, 128, 151, 90, 245, 153, 180, 25, 209, 158, 208, 83, 198, 159, 187, 29, 198, 204, 197, 8, 198, 159, 187, 29, 198, 223, 214, 78, 247, 159, 186, 32, 243, 174, 208, 26, 176, 197, 251, 82, 133, 217, 205, 4, 165, 194, 231, 71, 157, 192, 216, 110, 233, 145, 176, 82, 137, 204, 218, 109, 214, 160, 132, 25, 209, 128, 187, 71, 233, 159, 165, 80, 201, 197, 242, 109, 214, 160, 148, 29, 216, 131, 138, 91, 191, 164, 184, 21, 211, 128, 157, 0, 254, 164, 190, 6, 216, 137, 216, 21, 165, 210, 163, 0, 213, 143, 157, 90, 165, 147, 184, 30, 219, 158, 218, 4, 165, 182, 187, 19, 211, 204, 197, 8, 167, 181, 132, 34, 224, 158, 153, 75, 198, 159, 187, 29, 198, 184, 151, 79, 167, 220, 247, 54, 209, 138, 153, 93, 233, 132, 247, 79, 148, 138, 153, 68, 246, 149, 170, 91, 142, 175, 151, 68, 234, 130, 167, 27, 215, 135, 157, 90, 173, 139, 148, 29, 216, 131, 138, 8, 184, 208, 148, 29, 216, 131, 138, 27, 171, 150, 165, 29, 217, 190, 191, 106, 173, 194, 226, 71, 152, 204, 201, 29, 176, 220, 247, 64, 132, 217, 209, 4, 165, 182, 187, 19, 211, 204, 197, 8, 167, 181, 132, 34, 224, 158, 153, 75, 198, 159, 187, 29, 198, 206, 133, 1, 143, 181, 132, 34, 247, 131, 148, 71, 247, 131, 237, 33, 216, 133, 156, 77, 247, 216, 172, 38, 221, 152, 148, 77, 165, 205, 247, 80, 210, 131, 150, 92, 165, 131, 190, 8, 209, 206, 212, 8, 195, 156, 182, 21, 148, 209, 216, 10, 192, 163, 135, 52, 219, 130, 140, 123, 236, 138, 178, 80, 152, 204, 171, 81, 232, 146, 184, 30, 148, 209, 216, 10, 245, 136, 245, 94, 148, 168, 157, 78, 228, 133, 187, 6, 148, 209, 216, 25, 182, 220, 247, 63, 221, 130, 216, 21, 165, 200, 251, 82, 249, 141, 128, 8, 184, 208, 229, 66, 152, 204, 188, 77, 230, 153, 186, 19, 216, 159, 216, 21, 165, 193, 170, 91, 190, 230, 148, 71, 230, 145, 187, 82, 241, 191, 168, 106, 234, 136, 247, 79, 148, 161, 153, 65, 235, 164, 182, 16, 142, 191, 157, 75, 241, 153, 184, 28, 156, 206, 154, 71, 253, 210, 251, 82, 150, 190, 145, 79, 237, 132, 245, 91, 190, 169, 171, 120, 199, 159, 175, 72, 240, 158, 151, 88, 225, 159, 160, 28, 156, 151, 172, 65, 241, 156, 178, 82, 137, 204, 218, 74, 234, 136, 247, 31, 219, 136, 157, 10, 169, 208, 145, 30, 213, 139, 216, 21, 165, 210, 146, 33, 228, 174, 151, 80, 200, 159, 179, 23, 150, 192, 216, 100, 236, 131, 163, 82, 137, 204, 131, 10, 198, 159, 165, 28, 209, 158, 218, 4, 167, 194, 147, 80, 152, 206, 203, 108, 167, 220, 245, 60, 219, 130, 157, 10, 248, 220, 247, 54, 209, 138, 153, 93, 233, 132, 247, 79, 148, 206, 187, 71, 247, 158, 178, 0, 150, 192, 216, 107, 228, 156, 187, 16, 213, 143, 147, 8, 184, 208, 177, 7, 218, 143, 140, 65, 234, 158, 255, 4, 157, 230, 216, 8, 165, 208, 190, 20, 148, 137, 139, 88, 214, 208, 182, 28, 208, 204, 180, 65, 231, 130, 182, 0, 205, 194, 190, 68, 228, 151, 164, 41, 150, 169, 171, 120, 214, 152, 184, 5, 246, 131, 128, 10, 216, 208, 163, 26, 209, 130, 216, 77, 246, 128, 132, 92, 214, 131, 128, 101, 234, 148, 178, 82, 137, 204, 142, 8, 224, 158, 179, 120, 209, 130, 156, 85, 172, 250, 146, 33, 228, 174, 151, 80, 191, 163, 187, 27, 208, 137, 138, 0, 254, 164, 190, 6, 216, 137, 216, 21, 165, 210, 181, 29, 204, 204, 140, 64, 236, 147, 188, 28, 209, 159, 139, 10, 169, 208, 145, 30, 213, 139, 216, 21, 165, 210, 146, 33, 228, 174, 151, 80, 209, 152, 190, 17, 223, 206, 212, 8, 214, 137, 186, 16, 219, 128, 216, 21, 165, 210, 245, 94, 148, 168, 157, 78, 228, 133, 187, 6, 148, 209, 216, 27, 169, 208, 154, 27, 218, 204, 197, 8, 180, 220, 247, 63, 213, 148, 216, 21, 165, 193, 231, 94, 148, 168, 157, 75, 236, 157, 182, 30, 199, 204, 197, 8, 180, 141, 254, 120, 190, 169, 171, 120, 205, 149, 182, 30, 192, 132, 216, 21, 165, 189, 182, 27, 218, 184, 153, 74, 191, 163, 178, 17, 192, 133, 151, 70, 173, 210, 191, 23, 213, 128, 140, 64, 165, 146, 182, 0, 150, 192, 216, 10, 215, 153, 176, 26, 192, 206, 209, 34, 192, 163, 135, 58, 209, 141, 148, 92, 237, 202, 147, 0, 219, 156, 156, 71, 242, 158, 255, 9, 224, 133, 140, 68, 224, 208, 234, 82, 150, 156, 151, 91, 236, 132, 190, 29, 218, 206, 212, 8, 195, 156, 182, 21, 148, 209, 216, 10, 192, 163, 135, 58, 209, 141, 148, 92, 237, 160, 184, 1, 150, 192, 216, 100, 236, 131, 163, 82, 137, 204, 131, 10, 201, 149, 177, 6, 150, 192, 218, 122, 236, 151, 191, 6, 150, 192, 218, 124, 234, 128, 245, 94, 150, 174, 151, 92, 241, 159, 186, 80, 201, 192, 216, 108, 224, 150, 182, 7, 216, 152, 216, 21, 165, 210, 155, 23, 210, 152, 218, 85, 172, 250, 146, 33, 228, 164, 157, 73, 233, 132, 191, 72, 240, 158, 151, 88, 225, 159, 160, 28, 156, 151, 172, 65, 241, 156, 178, 82, 137, 204, 218, 79, 247, 145, 179, 27, 209, 130, 140, 10, 169, 208, 145, 30, 213, 139, 216, 21, 165, 210, 146, 33, 228, 164, 157, 73, 233, 132, 191, 53, 198, 141, 156, 10, 169, 208, 155, 27, 199, 152, 216, 21, 165, 139, 245, 53, 198, 137, 157, 70, 215, 149, 179, 80, 152, 206, 170, 77, 225, 183, 165, 23, 209, 130, 218, 4, 167, 163, 163, 19, 192, 133, 155, 111, 247, 149, 178, 28, 150, 192, 218, 123, 241, 145, 163, 27, 215, 190, 157, 76, 167, 141, 251, 82, 240, 137, 158, 73, 240, 156, 163, 82, 137, 204, 218, 111, 247, 149, 178, 28, 230, 137, 156, 10, 248, 217, 221, 55, 231, 188, 176, 77, 228, 156, 163, 26, 142, 191, 148, 65, 225, 149, 165, 90, 207, 184, 145, 92, 233, 149, 247, 79, 148, 206, 154, 73, 247, 208, 160, 27, 208, 152, 144, 10, 169, 208, 145, 30, 213, 139, 216, 21, 165, 210, 146, 33, 228, 164, 157, 73, 233, 132, 191, 37, 221, 136, 140, 64, 167, 220, 247, 33, 205, 129, 154, 71, 233, 208, 234, 82, 150, 156, 128, 10, 169, 208, 147, 23, 210, 141, 141, 68, 241, 208, 234, 82, 128, 192, 216, 101, 236, 158, 247, 79, 148, 222, 212, 8, 200, 145, 175, 82, 137, 204, 201, 24, 169, 208, 147, 23, 215, 133, 149, 73, 233, 131, 247, 79, 148, 221, 133, 1, 143, 250, 146, 33, 228, 191, 147, 77, 233, 149, 163, 29, 218, 204, 197, 8, 200, 145, 190, 28, 224, 141, 154, 18, 214, 149, 180, 6, 221, 131, 150, 0, 167, 131, 188, 23, 216, 137, 140, 71, 235, 210, 251, 82, 150, 160, 157, 78, 241, 210, 254, 120, 241, 191, 168, 123, 238, 149, 187, 23, 192, 131, 150, 18, 209, 159, 176, 21, 216, 137, 208, 83, 209, 153, 163, 30, 209, 204, 197, 8, 167, 131, 191, 29, 195, 204, 139, 67, 224, 156, 178, 6, 219, 130, 218, 4, 165, 182, 187, 19, 211, 204, 197, 8, 167, 181, 132, 34, 231, 135, 157, 68, 224, 132, 184, 28, 150, 192, 216, 108, 224, 150, 182, 7, 216, 152, 216, 21, 165, 150, 182, 30, 199, 137, 133, 1, 143, 181, 132, 34, 231, 135, 157, 68, 224, 132, 184, 28, 142, 191, 148, 65, 225, 149, 165, 90, 207, 184, 145, 92, 233, 149, 247, 79, 148, 206, 148, 65, 235, 149, 247, 6, 220, 133, 155, 67, 235, 149, 164, 1, 150, 192, 216, 110, 233, 145, 176, 82, 137, 204, 218, 109, 214, 160, 132, 25, 209, 128, 172, 64, 236, 147, 188, 80, 152, 204, 171, 81, 232, 146, 184, 30, 148, 209, 216, 10, 167, 220, 247, 54, 209, 138, 153, 93, 233, 132, 247, 79, 148, 222, 212, 8, 200, 153, 185, 82, 137, 204, 201, 4, 165, 189, 182, 10, 148, 209, 216, 25, 181, 220, 247, 54, 209, 143, 145, 69, 228, 156, 164, 82, 137, 204, 201, 85, 172, 250, 221, 55, 231, 188, 172, 90, 228, 147, 178, 0, 199, 204, 197, 8, 200, 145, 190, 28, 224, 141, 154, 18, 214, 149, 180, 6, 221, 131, 150, 0, 167, 132, 165, 19, 215, 137, 138, 91, 167, 220, 247, 80, 248, 137, 158, 92, 167, 217, 221, 30, 219, 143, 153, 68, 165, 175, 163, 29, 211, 169, 171, 120, 209, 130, 182, 17, 209, 158, 139, 8, 184, 208, 146, 33, 228, 184, 138, 73, 230, 149, 165, 1, 142, 184, 151, 79, 226, 156, 178, 90, 207, 184, 145, 92, 233, 149, 247, 79, 148, 206, 139, 64, 234, 135, 247, 6, 198, 141, 155, 77, 247, 131, 245, 94, 148, 170, 148, 73, 226, 208, 234, 82, 150, 169, 171, 120, 209, 130, 182, 17, 209, 158, 139, 10, 169, 208, 147, 23, 210, 141, 141, 68, 241, 208, 234, 82, 210, 141, 148, 91, 224, 141, 254, 120, 235, 152, 151, 79, 192, 163, 135, 38, 198, 141, 155, 77, 247, 131, 237, 57, 209, 149, 154, 65, 235, 148, 255, 9, 224, 133, 140, 68, 224, 208, 234, 82, 150, 152, 138, 73, 230, 149, 165, 1, 148, 135, 157, 81, 167, 220, 247, 52, 216, 141, 159, 8, 184, 208, 245, 55, 231, 188, 172, 90, 228, 147, 178, 0, 199, 167, 157, 81, 167, 220, 247, 57, 209, 149, 216, 21, 165, 181, 185, 7, 217, 194, 179, 77, 252, 179, 184, 22, 209, 194, 189, 70, 225, 220, 247, 33, 192, 141, 140, 77, 209, 137, 167, 23, 148, 209, 216, 10, 196, 156, 160, 19, 205, 159, 218, 4, 165, 179, 182, 30, 216, 142, 153, 75, 238, 208, 234, 82, 210, 153, 150, 75, 241, 153, 184, 28, 156, 197, 216, 77, 235, 148, 170, 91, 190, 169, 171, 120, 209, 130, 182, 17, 209, 158, 139, 18, 193, 130, 184, 2, 208, 131, 143, 70, 173, 139, 131, 27, 192, 128, 157, 8, 184, 208, 245, 29, 198, 133, 159, 65, 235, 210, 251, 82, 242, 128, 153, 79, 165, 205, 247, 80, 241, 191, 168, 124, 247, 145, 180, 61, 198, 133, 159, 65, 235, 210, 251, 82, 248, 133, 139, 92, 165, 205, 247, 9, 150, 174, 151, 92, 241, 159, 186, 80, 152, 206, 187, 77, 235, 132, 178, 0, 150, 192, 218, 124, 234, 128, 245, 94, 150, 161, 151, 93, 246, 149, 245, 15, 152, 204, 188, 77, 227, 145, 162, 30, 192, 204, 197, 8, 167, 178, 184, 6, 192, 131, 149, 10, 248, 217, 221, 55, 231, 188, 172, 90, 228, 147, 178, 0, 199, 214, 171, 68, 236, 148, 178, 0, 156, 151, 172, 65, 241, 156, 178, 82, 137, 204, 218, 92, 237, 153, 180, 25, 218, 137, 139, 91, 167, 220, 247, 52, 216, 141, 159, 8, 184, 208, 245, 55, 231, 188, 172, 90, 228, 147, 131, 26, 221, 143, 147, 10, 169, 208, 132, 11, 217, 142, 151, 68, 165, 205, 247, 80, 150, 192, 216, 108, 224, 150, 182, 7, 216, 152, 216, 21, 165, 194, 251, 82, 249, 133, 150, 8, 184, 208, 230, 94, 148, 161, 153, 80, 165, 205, 247, 67, 132, 192, 216, 108, 224, 147, 190, 31, 213, 128, 139, 8, 184, 208, 230, 15, 157, 230, 189, 123, 213, 164, 165, 19, 215, 137, 138, 91, 191, 163, 187, 27, 208, 137, 138, 0, 254, 164, 190, 6, 216, 137, 216, 21, 165, 210, 163, 0, 213, 130, 139, 88, 228, 130, 178, 28, 215, 149, 218, 4, 165, 182, 187, 19, 211, 204, 197, 8, 167, 181, 132, 34, 224, 158, 153, 75, 209, 130, 182, 28, 199, 156, 218, 4, 165, 163, 174, 31, 214, 131, 148, 8, 184, 208, 245, 80, 152, 204, 188, 77, 227, 145, 162, 30, 192, 204, 197, 8, 182, 220, 247, 63, 221, 130, 216, 21, 165, 192, 251, 82, 249, 141, 128, 8, 184, 208, 230, 66, 152, 204, 188, 77, 230, 153, 186, 19, 216, 159, 216, 21, 165, 193, 170, 91, 190, 230, 189, 123, 213, 179, 191, 19, 217, 159, 216, 21, 165, 189, 182, 27, 218, 184, 153, 74, 191, 163, 178, 17, 192, 133, 151, 70, 173, 210, 180, 26, 213, 129, 139, 10, 169, 208, 245, 62, 209, 138, 140, 10, 172, 250, 187, 29, 215, 141, 148, 8, 218, 132, 184, 21, 241, 191, 168, 107, 237, 145, 186, 1, 148, 209, 216, 109, 214, 160, 148, 26, 213, 129, 139, 18, 209, 159, 176, 21, 216, 137, 208, 83, 209, 153, 163, 30, 209, 204, 197, 8, 167, 149, 185, 19, 214, 128, 157, 8, 230, 152, 182, 31, 199, 206, 212, 8, 195, 156, 182, 21, 148, 209, 216, 10, 192, 163, 135, 49, 220, 141, 149, 91, 167, 220, 247, 54, 209, 138, 153, 93, 233, 132, 247, 79, 148, 138, 153, 68, 246, 149, 170, 91, 190, 179, 140, 71, 226, 181, 132, 34, 247, 132, 153, 69, 246, 202, 156, 23, 205, 142, 145, 70, 225, 216, 172, 38, 221, 152, 148, 77, 165, 205, 247, 80, 215, 132, 153, 69, 246, 208, 188, 23, 205, 206, 212, 8, 195, 156, 182, 21, 148, 209, 216, 10, 192, 163, 135, 49, 220, 141, 149, 91, 206, 149, 174, 80, 152, 204, 179, 77, 252, 208, 234, 82, 241, 130, 141, 69, 171, 187, 178, 11, 247, 131, 156, 77, 171, 184, 184, 31, 209, 192, 216, 123, 241, 145, 163, 23, 224, 149, 136, 77, 165, 205, 247, 80, 245, 128, 143, 73, 252, 131, 245, 94, 148, 175, 153, 68, 233, 146, 182, 17, 223, 204, 197, 8, 227, 133, 185, 17, 192, 133, 151, 70, 173, 217, 247, 23, 218, 136, 133, 1, 143, 181, 132, 34, 247, 132, 153, 69, 246, 202, 132, 30, 221, 136, 157, 90, 173, 139, 131, 27, 192, 128, 157, 8, 184, 208, 245, 6, 198, 141, 150, 91, 245, 145, 165, 23, 218, 143, 129, 10, 169, 208, 145, 30, 213, 139, 216, 21, 165, 210, 146, 33, 228, 175, 144, 73, 232, 131, 131, 0, 213, 130, 139, 88, 167, 220, 247, 33, 205, 129, 154, 71, 233, 208, 234, 82, 150, 206, 212, 8, 193, 149, 177, 19, 193, 128, 140, 8, 184, 208, 226, 94, 148, 161, 145, 70, 165, 205, 247, 66, 152, 204, 181, 73, 253, 208, 234, 82, 133, 220, 212, 8, 193, 149, 180, 27, 217, 141, 148, 91, 165, 205, 247, 67, 201, 197, 242, 109, 214, 160, 148, 26, 213, 129, 139, 18, 209, 159, 176, 21, 216, 137, 208, 83, 209, 153, 163, 30, 209, 204, 197, 8, 167, 147, 191, 19, 217, 159, 216, 78, 236, 156, 187, 80, 152, 204, 190, 68, 228, 151, 247, 79, 148, 206, 189, 123, 213, 179, 191, 19, 217, 159, 190, 65, 233, 156, 131, 29, 211, 206, 212, 8, 193, 149, 177, 19, 193, 128, 140, 8, 184, 208, 177, 19, 216, 159, 157, 85, 172, 202, 148, 29, 216, 131, 138, 88, 236, 147, 188, 23, 198, 196, 131, 107, 234, 156, 184, 0, 148, 209, 216, 107, 234, 156, 184, 0, 135, 194, 158, 90, 234, 157, 133, 53, 246, 196, 201, 31, 181, 220, 247, 75, 132, 192, 216, 26, 176, 197, 254, 94, 148, 170, 148, 73, 226, 208, 234, 82, 150, 169, 171, 120, 198, 152, 182, 31, 199, 170, 145, 68, 233, 210, 170, 91, 190, 169, 171, 120, 198, 152, 182, 31, 199, 214, 172, 71, 226, 151, 187, 23, 156, 151, 172, 65, 241, 156, 178, 82, 137, 204, 218, 75, 237, 145, 186, 1, 148, 131, 141, 92, 233, 153, 185, 23, 150, 192, 216, 110, 233, 145, 176, 82, 137, 204, 218, 109, 214, 160, 148, 26, 213, 129, 139, 103, 240, 132, 131, 29, 211, 206, 212, 8, 193, 149, 177, 19, 193, 128, 140, 8, 184, 208, 177, 19, 216, 159, 157, 85, 172, 202, 148, 29, 216, 131, 138, 88, 236, 147, 188, 23, 198, 196, 131, 107, 234, 156, 184, 0, 148, 209, 216, 107, 234, 156, 184, 0, 135, 194, 158, 90, 234, 157, 133, 53, 246, 196, 202, 29, 176, 220, 247, 67, 129, 217, 212, 8, 183, 192, 226, 91, 152, 204, 190, 68, 228, 151, 247, 79, 148, 206, 189, 123, 213, 179, 191, 19, 217, 159, 183, 93, 241, 210, 170, 91, 190, 230, 189, 123, 213, 184, 190, 6, 249, 141, 138, 67, 165, 205, 247, 63, 213, 133, 150, 124, 228, 146, 237, 33, 209, 143, 140, 65, 234, 158, 255, 80, 220, 133, 140, 8, 232, 145, 165, 25, 209, 158, 218, 4, 165, 210, 133, 27, 211, 132, 140, 10, 172, 250, 146, 33, 228, 164, 145, 92, 200, 145, 165, 25, 142, 184, 151, 79, 226, 156, 178, 90, 207, 184, 145, 92, 233, 149, 247, 79, 148, 206, 144, 65, 241, 208, 186, 19, 198, 135, 157, 90, 167, 220, 247, 52, 216, 141, 159, 8, 184, 208, 245, 58, 221, 152, 181, 73, 247, 155, 178, 0, 150, 192, 216, 108, 224, 150, 182, 7, 216, 152, 216, 21, 165, 150, 182, 30, 199, 137, 133, 1, 143, 181, 132, 34, 252, 133, 140, 101, 228, 130, 188, 72, 231, 128, 145, 76, 224, 130, 255, 9, 224, 133, 140, 68, 224, 208, 234, 82, 150, 138, 153, 76, 224, 208, 163, 27, 217, 137, 218, 4, 165, 182, 187, 19, 211, 204, 197, 8, 167, 184, 190, 6, 249, 141, 138, 67, 224, 130, 145, 19, 208, 137, 218, 4, 165, 163, 174, 31, 214, 131, 148, 8, 184, 208, 245, 1, 150, 192, 216, 108, 224, 150, 182, 7, 216, 152, 216, 21, 165, 196, 251, 82, 249, 133, 150, 8, 184, 208, 230, 94, 148, 161, 153, 80, 165, 205, 247, 64, 132, 192, 216, 108, 224, 147, 190, 31, 213, 128, 139, 8, 184, 208, 230, 15, 157, 230, 189, 123, 213, 184, 190, 6, 249, 141, 138, 67, 191, 164, 184, 21, 211, 128, 157, 0, 254, 164, 190, 6, 216, 137, 216, 21, 165, 210, 186, 19, 198, 135, 157, 90, 165, 147, 184, 30, 219, 158, 218, 4, 165, 182, 187, 19, 211, 204, 197, 8, 167, 184, 190, 6, 249, 141, 138, 67, 224, 130, 148, 29, 216, 184, 151, 79, 167, 220, 247, 54, 209, 138, 153, 93, 233, 132, 247, 79, 148, 138, 153, 68, 246, 149, 170, 91, 142, 175, 151, 68, 234, 130, 167, 27, 215, 135, 157, 90, 173, 139, 148, 29, 216, 131, 138, 8, 184, 208, 148, 29, 216, 131, 138, 27, 171, 150, 165, 29, 217, 190, 191, 106, 173, 194, 226, 71, 152, 204, 202, 29, 176, 220, 247, 64, 129, 217, 209, 4, 165, 182, 187, 19, 211, 204, 197, 8, 167, 184, 190, 6, 249, 141, 138, 67, 224, 130, 148, 29, 216, 206, 133, 1, 143, 250, 221, 45, 243, 194, 189, 96, 218, 189, 182, 27, 218, 184, 153, 74, 165, 208, 247, 79, 148, 161, 153, 65, 235, 164, 182, 16}
local W9AMcsYeGOlLkZ = {215, 114, 180, 236, 248, 40, 133, 240}
local tMT9j1GZCbWFcx = {}
for bSFwcHSZQMfqFt = 1, #f7RSNlY7I1E84z do
    tMT9j1GZCbWFcx[bSFwcHSZQMfqFt] = PDKO8MlnfFilqF(f7RSNlY7I1E84z[bSFwcHSZQMfqFt],W9AMcsYeGOlLkZ[((bSFwcHSZQMfqFt-1)%#W9AMcsYeGOlLkZ)+1])
end
local iin6OwfyZYwrYp = ''
for QRrSDSjcHukfUv=1,#tMT9j1GZCbWFcx,256 do
    local qpwclJc6U8gt1Q=QRrSDSjcHukfUv+255
    if qpwclJc6U8gt1Q>#tMT9j1GZCbWFcx then qpwclJc6U8gt1Q=#tMT9j1GZCbWFcx end
    local _t={}
    for _i=QRrSDSjcHukfUv,qpwclJc6U8gt1Q do _t[#_t+1]=tMT9j1GZCbWFcx[_i] end
    iin6OwfyZYwrYp=iin6OwfyZYwrYp..string.char(unpack(_t))
end
local RulqLN8FF0efcg = loadstring or load
local O3EgqWJZBobZRI, K7p6wRD9PRWBSl = RulqLN8FF0efcg(iin6OwfyZYwrYp)
if not O3EgqWJZBobZRI then error(K7p6wRD9PRWBSl) end
O3EgqWJZBobZRI()

