local TQAyTnYJYA2UGmD0 = math.random(1,1000)
local lIFZ7P0k = "F3ZeN5dHYlYO"
local ZV1S7Urr4CHx = math.huge
for wCPTO = 1, 5 do local PACJVde5 = wCPTO end
do local cqmfEBHSOT = 5771 end
local LLdhlAZvqQUO0xV4 = 4017
local EEqdpoew = math.random()
local J5aEZKpY = math.random()
local UPgsT6L724rNbN7v = (3 * 97)
do local og3GniCVWN = 6839 end
for CYLSI = 1, 4 do local jciG8BUo = CYLSI end
local b5uevFfYqBf = "3K7uf9hjieEEenVq"
local mfhMkbHzij2 = 874826
local YBdrvDUav = 469168
do local hTFx6HZFFS = 9932 end
local XLUN000T0oip4Xh = 474631
do local m7hrBLHqN9 = 3680 end
do local Rar9kCZzLI = 130 end
local CvOn4Vh2pQlu0ehZ = (41 * 38)
local p12VtjGxZen8 = math.random()
local function BJXuCpSaVvN0Zd(vrXSTk,iVykzz)
    local nQ4MPn,R8C0EG=0,1
    while vrXSTk>0 or iVykzz>0 do
        if (vrXSTk%2)~=(iVykzz%2) then nQ4MPn=nQ4MPn+R8C0EG end
        vrXSTk=math.floor(vrXSTk/2)
        iVykzz=math.floor(iVykzz/2)
        R8C0EG=R8C0EG*2
    end
    return nQ4MPn
end
local zyVrrwLKfJBBql = {235, 22, 78, 31, 196, 10, 93, 218, 233, 29, 66, 9, 136, 10, 55, 147, 216, 62, 3, 59, 224, 117, 93, 218, 233, 29, 66, 9, 162, 70, 101, 208, 230, 21, 13, 50, 193, 72, 120, 210, 245, 0, 13, 67, 136, 117, 77, 157, 194, 49, 114, 50, 193, 72, 120, 210, 245, 0, 39, 23, 206, 10, 100, 220, 243, 89, 114, 45, 233, 10, 126, 219, 226, 23, 13, 33, 251, 107, 42, 142, 167, 2, 80, 94, 205, 68, 110, 185, 238, 31, 13, 16, 199, 94, 42, 236, 198, 56, 13, 10, 192, 79, 100, 147, 216, 56, 108, 94, 149, 10, 113, 206, 167, 28, 67, 26, 162, 67, 108, 147, 233, 22, 89, 94, 247, 127, 77, 147, 243, 17, 72, 16, 136, 117, 95, 244, 167, 68, 13, 5, 213, 10, 111, 221, 227, 115, 39, 18, 199, 73, 107, 223, 167, 47, 68, 13, 252, 75, 104, 147, 186, 89, 122, 23, 198, 78, 101, 196, 189, 45, 76, 28, 128, 8, 124, 218, 244, 91, 4, 116, 162, 70, 101, 208, 230, 21, 13, 41, 196, 78, 89, 214, 228, 13, 68, 17, 198, 10, 55, 147, 209, 16, 94, 42, 201, 72, 48, 224, 226, 26, 89, 23, 199, 68, 34, 145, 240, 22, 95, 18, 204, 8, 38, 147, 165, 53, 72, 24, 220, 8, 35, 185, 208, 21, 73, 45, 205, 73, 126, 218, 232, 23, 23, 42, 199, 77, 109, 223, 226, 81, 86, 42, 193, 94, 102, 214, 167, 68, 13, 92, 206, 95, 102, 223, 229, 11, 68, 25, 192, 94, 40, 159, 167, 63, 65, 31, 207, 10, 55, 147, 165, 46, 65, 26, 238, 95, 102, 223, 229, 11, 68, 25, 192, 94, 40, 159, 167, 58, 76, 18, 196, 72, 107, 208, 236, 89, 16, 94, 206, 95, 100, 208, 243, 16, 66, 16, 128, 89, 35, 185, 167, 89, 13, 94, 229, 69, 110, 224, 169, 31, 88, 18, 196, 72, 120, 218, 224, 17, 89, 94, 149, 10, 121, 185, 167, 89, 13, 94, 193, 76, 42, 192, 167, 13, 69, 27, 198, 32, 42, 147, 167, 89, 13, 94, 136, 10, 70, 218, 224, 17, 89, 23, 198, 77, 36, 241, 245, 16, 74, 22, 220, 68, 111, 192, 244, 89, 16, 94, 154, 32, 42, 147, 167, 89, 13, 94, 136, 10, 70, 218, 224, 17, 89, 23, 198, 77, 36, 242, 234, 27, 68, 27, 198, 94, 42, 142, 167, 58, 66, 18, 199, 88, 57, 157, 225, 11, 66, 19, 250, 109, 72, 155, 182, 78, 21, 82, 136, 27, 61, 139, 171, 89, 28, 73, 144, 3, 0, 147, 167, 89, 13, 94, 136, 10, 42, 255, 238, 30, 69, 10, 193, 68, 109, 157, 200, 12, 89, 26, 199, 69, 120, 242, 234, 27, 68, 27, 198, 94, 42, 142, 167, 58, 66, 18, 199, 88, 57, 157, 225, 11, 66, 19, 250, 109, 72, 155, 182, 78, 21, 82, 136, 27, 61, 139, 171, 89, 28, 73, 144, 3, 0, 147, 167, 89, 13, 27, 196, 89, 111, 185, 167, 89, 13, 94, 136, 10, 42, 147, 203, 16, 74, 22, 220, 67, 100, 212, 169, 59, 95, 23, 207, 66, 126, 221, 226, 10, 94, 94, 149, 10, 59, 185, 167, 89, 13, 94, 136, 10, 42, 147, 203, 16, 74, 22, 220, 67, 100, 212, 169, 56, 64, 28, 193, 79, 100, 199, 167, 68, 13, 61, 199, 70, 101, 193, 180, 87, 75, 12, 199, 71, 88, 244, 197, 81, 28, 78, 155, 6, 42, 130, 183, 74, 1, 94, 153, 26, 57, 154, 141, 89, 13, 94, 136, 10, 42, 147, 167, 53, 68, 25, 192, 94, 99, 221, 224, 87, 98, 11, 220, 78, 101, 220, 245, 56, 64, 28, 193, 79, 100, 199, 167, 68, 13, 61, 199, 70, 101, 193, 180, 87, 75, 12, 199, 71, 88, 244, 197, 81, 28, 76, 159, 6, 42, 130, 181, 78, 1, 94, 153, 24, 61, 154, 141, 89, 13, 94, 136, 79, 100, 215, 141, 28, 67, 26, 132, 10, 78, 214, 225, 24, 88, 18, 220, 10, 55, 147, 225, 24, 65, 13, 205, 87, 35, 185, 208, 21, 73, 45, 205, 73, 126, 218, 232, 23, 23, 42, 199, 77, 109, 223, 226, 81, 86, 42, 193, 94, 102, 214, 167, 68, 13, 92, 218, 79, 103, 220, 241, 28, 13, 24, 199, 77, 40, 159, 167, 63, 65, 31, 207, 10, 55, 147, 165, 46, 65, 26, 230, 69, 76, 220, 224, 91, 1, 94, 235, 75, 102, 223, 229, 24, 78, 21, 136, 23, 42, 213, 242, 23, 78, 10, 193, 69, 100, 155, 244, 80, 39, 94, 136, 10, 42, 254, 232, 29, 126, 80, 198, 69, 76, 220, 224, 89, 16, 94, 219, 32, 42, 147, 167, 89, 68, 24, 136, 89, 42, 199, 239, 28, 67, 116, 136, 10, 42, 147, 167, 89, 13, 94, 228, 67, 109, 219, 243, 16, 67, 25, 134, 108, 101, 212, 194, 23, 73, 94, 149, 10, 59, 214, 177, 66, 13, 50, 193, 77, 98, 199, 238, 23, 74, 80, 238, 69, 109, 224, 243, 24, 95, 10, 136, 23, 42, 138, 190, 64, 20, 71, 145, 32, 42, 147, 167, 89, 13, 94, 136, 10, 102, 220, 228, 24, 65, 94, 201, 94, 103, 147, 186, 89, 97, 23, 207, 66, 126, 218, 233, 30, 23, 56, 193, 68, 110, 245, 238, 11, 94, 10, 235, 66, 99, 223, 227, 54, 75, 61, 196, 75, 121, 192, 175, 91, 108, 10, 197, 69, 121, 195, 239, 28, 95, 27, 138, 3, 0, 147, 167, 89, 13, 94, 136, 10, 42, 218, 225, 89, 76, 10, 197, 10, 126, 219, 226, 23, 13, 31, 220, 71, 36, 251, 230, 3, 72, 94, 149, 10, 58, 136, 167, 24, 89, 19, 134, 110, 111, 221, 244, 16, 89, 7, 136, 23, 42, 131, 188, 89, 76, 10, 197, 4, 77, 223, 230, 11, 72, 94, 149, 10, 58, 147, 226, 23, 73, 116, 136, 10, 42, 147, 226, 21, 94, 27, 162, 10, 42, 147, 167, 89, 13, 94, 136, 102, 99, 212, 239, 13, 68, 16, 207, 4, 76, 220, 224, 60, 67, 26, 136, 23, 42, 130, 183, 73, 29, 78, 152, 17, 42, 255, 238, 30, 69, 10, 193, 68, 109, 157, 193, 22, 74, 45, 220, 75, 120, 199, 167, 68, 13, 78, 162, 10, 42, 147, 167, 89, 13, 94, 136, 70, 101, 208, 230, 21, 13, 31, 220, 71, 42, 142, 167, 53, 68, 25, 192, 94, 99, 221, 224, 67, 107, 23, 198, 78, 76, 218, 245, 10, 89, 61, 192, 67, 102, 215, 200, 31, 110, 18, 201, 89, 121, 155, 165, 56, 89, 19, 199, 89, 122, 219, 226, 11, 72, 92, 129, 32, 42, 147, 167, 89, 13, 94, 136, 10, 99, 213, 167, 24, 89, 19, 136, 94, 98, 214, 233, 89, 76, 10, 197, 4, 66, 210, 253, 28, 13, 67, 136, 27, 36, 133, 188, 89, 76, 10, 197, 4, 78, 214, 233, 10, 68, 10, 209, 10, 55, 147, 183, 87, 31, 70, 136, 79, 100, 215, 141, 89, 13, 94, 136, 79, 100, 215, 141, 28, 67, 26, 132, 10, 78, 214, 225, 24, 88, 18, 220, 10, 55, 147, 225, 24, 65, 13, 205, 87, 35, 185, 208, 21, 73, 45, 205, 73, 126, 218, 232, 23, 23, 42, 199, 77, 109, 223, 226, 81, 86, 42, 193, 94, 102, 214, 167, 68, 13, 92, 198, 69, 42, 208, 235, 22, 88, 26, 219, 8, 38, 147, 193, 21, 76, 25, 136, 23, 42, 145, 208, 21, 73, 48, 199, 105, 102, 220, 242, 29, 94, 92, 132, 10, 73, 210, 235, 21, 79, 31, 203, 65, 42, 142, 167, 31, 88, 16, 203, 94, 99, 220, 233, 81, 94, 87, 162, 10, 42, 147, 167, 31, 66, 12, 136, 117, 38, 147, 232, 27, 71, 94, 193, 68, 42, 218, 247, 24, 68, 12, 219, 2, 70, 218, 224, 17, 89, 23, 198, 77, 48, 244, 226, 13, 110, 22, 193, 70, 110, 193, 226, 23, 5, 87, 129, 10, 110, 220, 141, 89, 13, 94, 136, 10, 42, 147, 167, 16, 75, 94, 199, 72, 96, 137, 206, 10, 108, 86, 138, 105, 102, 220, 242, 29, 94, 92, 129, 10, 126, 219, 226, 23, 13, 17, 202, 64, 36, 246, 233, 24, 79, 18, 205, 78, 42, 142, 167, 23, 66, 10, 136, 89, 42, 214, 233, 29, 39, 94, 136, 10, 42, 214, 233, 29, 39, 94, 136, 10, 42, 223, 232, 26, 76, 18, 136, 94, 111, 193, 245, 24, 68, 16, 136, 23, 42, 196, 232, 11, 70, 13, 216, 75, 105, 214, 189, 63, 68, 16, 204, 108, 99, 193, 244, 13, 110, 22, 193, 70, 110, 252, 225, 58, 65, 31, 219, 89, 34, 145, 211, 28, 95, 12, 201, 67, 100, 145, 174, 115, 13, 94, 136, 10, 99, 213, 167, 13, 72, 12, 218, 75, 99, 221, 167, 13, 69, 27, 198, 32, 42, 147, 167, 89, 13, 94, 136, 10, 108, 220, 245, 89, 114, 82, 136, 69, 104, 217, 167, 16, 67, 94, 193, 90, 107, 218, 245, 10, 5, 10, 205, 88, 120, 210, 238, 23, 23, 57, 205, 94, 73, 219, 238, 21, 73, 12, 205, 68, 34, 154, 174, 89, 73, 17, 162, 10, 42, 147, 167, 89, 13, 94, 136, 10, 42, 147, 167, 16, 75, 94, 199, 72, 96, 137, 206, 10, 108, 86, 138, 105, 102, 220, 242, 29, 94, 92, 129, 10, 126, 219, 226, 23, 13, 17, 202, 64, 36, 246, 233, 24, 79, 18, 205, 78, 42, 142, 167, 23, 66, 10, 136, 89, 42, 214, 233, 29, 39, 94, 136, 10, 42, 147, 167, 89, 13, 27, 198, 78, 0, 147, 167, 89, 13, 27, 198, 78, 0, 214, 233, 29, 1, 94, 236, 79, 108, 210, 242, 21, 89, 94, 149, 10, 108, 210, 235, 10, 72, 3, 129, 32, 0, 210, 247, 9, 65, 7, 239, 88, 107, 192, 244, 43, 72, 19, 199, 92, 107, 223, 167, 68, 13, 24, 221, 68, 105, 199, 238, 22, 67, 86, 205, 68, 107, 209, 235, 28, 4, 116, 136, 10, 42, 147, 235, 22, 78, 31, 196, 10, 126, 214, 245, 11, 76, 23, 198, 10, 55, 147, 240, 22, 95, 21, 219, 90, 107, 208, 226, 67, 107, 23, 198, 78, 76, 218, 245, 10, 89, 61, 192, 67, 102, 215, 200, 31, 110, 18, 201, 89, 121, 155, 165, 45, 72, 12, 218, 75, 99, 221, 165, 80, 39, 116, 136, 10, 42, 147, 235, 22, 78, 31, 196, 10, 108, 198, 233, 26, 89, 23, 199, 68, 42, 236, 253, 28, 95, 17, 239, 88, 107, 192, 244, 81, 89, 87, 162, 10, 42, 147, 167, 89, 13, 94, 136, 67, 108, 147, 233, 22, 89, 94, 220, 10, 126, 219, 226, 23, 13, 12, 205, 94, 127, 193, 233, 89, 72, 16, 204, 32, 42, 147, 167, 89, 13, 94, 136, 10, 122, 208, 230, 21, 65, 86, 206, 95, 100, 208, 243, 16, 66, 16, 128, 3, 42, 192, 226, 13, 69, 23, 204, 78, 111, 221, 247, 11, 66, 14, 205, 88, 126, 202, 175, 13, 1, 94, 138, 110, 111, 208, 232, 11, 76, 10, 193, 69, 100, 145, 171, 89, 75, 31, 196, 89, 111, 154, 167, 28, 67, 26, 129, 32, 42, 147, 167, 89, 13, 94, 136, 10, 122, 208, 230, 21, 65, 86, 206, 95, 100, 208, 243, 16, 66, 16, 128, 3, 42, 192, 226, 13, 69, 23, 204, 78, 111, 221, 247, 11, 66, 14, 205, 88, 126, 202, 175, 13, 1, 94, 138, 109, 120, 210, 244, 10, 97, 27, 198, 77, 126, 219, 165, 85, 13, 94, 152, 3, 42, 147, 167, 28, 67, 26, 129, 32, 42, 147, 167, 89, 72, 16, 204, 32, 42, 147, 167, 89, 65, 17, 203, 75, 102, 147, 225, 12, 67, 29, 220, 67, 101, 221, 167, 38, 95, 27, 219, 94, 101, 193, 226, 62, 95, 31, 219, 89, 34, 199, 174, 115, 13, 94, 136, 10, 42, 147, 167, 89, 68, 24, 136, 68, 101, 199, 167, 13, 13, 10, 192, 79, 100, 147, 245, 28, 89, 11, 218, 68, 42, 214, 233, 29, 39, 94, 136, 10, 42, 147, 167, 89, 13, 14, 203, 75, 102, 223, 175, 31, 88, 16, 203, 94, 99, 220, 233, 81, 4, 94, 219, 79, 126, 219, 238, 29, 73, 27, 198, 90, 120, 220, 247, 28, 95, 10, 209, 2, 126, 159, 167, 91, 105, 27, 203, 69, 120, 210, 243, 16, 66, 16, 138, 6, 42, 199, 245, 12, 72, 87, 136, 79, 100, 215, 174, 115, 13, 94, 136, 10, 42, 147, 167, 89, 93, 29, 201, 70, 102, 155, 225, 12, 67, 29, 220, 67, 101, 221, 175, 80, 13, 13, 205, 94, 98, 218, 227, 29, 72, 16, 216, 88, 101, 195, 226, 11, 89, 7, 128, 94, 38, 147, 165, 62, 95, 31, 219, 89, 70, 214, 233, 30, 89, 22, 138, 6, 42, 129, 174, 89, 13, 94, 205, 68, 110, 154, 141, 89, 13, 94, 136, 79, 100, 215, 141, 89, 13, 94, 136, 70, 101, 208, 230, 21, 13, 24, 221, 68, 105, 199, 238, 22, 67, 94, 247, 80, 111, 193, 232, 52, 76, 10, 205, 88, 99, 210, 235, 81, 4, 116, 136, 10, 42, 147, 167, 89, 13, 94, 216, 73, 107, 223, 235, 81, 75, 11, 198, 73, 126, 218, 232, 23, 5, 87, 162, 10, 42, 147, 167, 89, 13, 94, 136, 10, 42, 147, 167, 21, 66, 29, 201, 70, 42, 222, 244, 89, 16, 94, 207, 75, 103, 214, 189, 62, 72, 10, 251, 79, 120, 197, 238, 26, 72, 86, 138, 103, 107, 199, 226, 11, 68, 31, 196, 121, 111, 193, 241, 16, 78, 27, 138, 3, 0, 147, 167, 89, 13, 94, 136, 10, 42, 147, 167, 89, 13, 23, 206, 10, 103, 192, 167, 24, 67, 26, 136, 71, 121, 137, 193, 16, 67, 26, 238, 67, 120, 192, 243, 58, 69, 23, 196, 78, 34, 145, 192, 11, 76, 13, 219, 126, 111, 193, 245, 24, 68, 16, 138, 3, 42, 199, 239, 28, 67, 116, 136, 10, 42, 147, 167, 89, 13, 94, 136, 10, 42, 147, 167, 89, 13, 94, 197, 89, 36, 244, 245, 24, 94, 13, 252, 79, 120, 193, 230, 16, 67, 80, 251, 94, 127, 215, 244, 41, 72, 12, 252, 67, 102, 214, 167, 68, 13, 71, 145, 19, 51, 138, 190, 64, 39, 94, 136, 10, 42, 147, 167, 89, 13, 94, 136, 10, 42, 214, 233, 29, 39, 94, 136, 10, 42, 147, 167, 89, 13, 27, 198, 78, 35, 185, 167, 89, 13, 94, 205, 68, 110, 185, 167, 89, 13, 94, 196, 69, 105, 210, 235, 89, 75, 11, 198, 73, 126, 218, 232, 23, 13, 33, 218, 79, 121, 199, 232, 11, 72, 51, 201, 94, 111, 193, 238, 24, 65, 86, 129, 32, 42, 147, 167, 89, 13, 94, 136, 10, 122, 208, 230, 21, 65, 86, 206, 95, 100, 208, 243, 16, 66, 16, 128, 3, 0, 147, 167, 89, 13, 94, 136, 10, 42, 147, 167, 89, 13, 18, 199, 73, 107, 223, 167, 20, 94, 94, 149, 10, 109, 210, 234, 28, 23, 57, 205, 94, 89, 214, 245, 15, 68, 29, 205, 2, 40, 254, 230, 13, 72, 12, 193, 75, 102, 224, 226, 11, 91, 23, 203, 79, 40, 154, 141, 89, 13, 94, 136, 10, 42, 147, 167, 89, 13, 94, 136, 67, 108, 147, 234, 10, 13, 31, 198, 78, 42, 222, 244, 67, 107, 23, 198, 78, 76, 218, 245, 10, 89, 61, 192, 67, 102, 215, 175, 91, 106, 12, 201, 89, 121, 231, 226, 11, 95, 31, 193, 68, 40, 154, 167, 13, 69, 27, 198, 32, 42, 147, 167, 89, 13, 94, 136, 10, 42, 147, 167, 89, 13, 94, 136, 10, 103, 192, 169, 62, 95, 31, 219, 89, 94, 214, 245, 11, 76, 23, 198, 4, 89, 199, 242, 29, 94, 46, 205, 88, 94, 218, 235, 28, 13, 67, 136, 18, 0, 147, 167, 89, 13, 94, 136, 10, 42, 147, 167, 89, 13, 27, 198, 78, 0, 147, 167, 89, 13, 94, 136, 10, 42, 214, 233, 29, 4, 116, 136, 10, 42, 147, 226, 23, 73, 116, 162, 10, 42, 147, 167, 84, 0, 94, 204, 67, 121, 208, 232, 23, 67, 27, 203, 94, 42, 210, 233, 0, 13, 17, 196, 78, 42, 196, 230, 13, 78, 22, 205, 88, 42, 213, 238, 11, 94, 10, 162, 10, 42, 147, 167, 16, 75, 94, 234, 88, 112, 224, 169, 38, 74, 12, 201, 89, 121, 240, 232, 23, 67, 94, 220, 66, 111, 221, 167, 59, 95, 4, 251, 4, 85, 212, 245, 24, 94, 13, 235, 69, 100, 221, 189, 61, 68, 13, 203, 69, 100, 221, 226, 26, 89, 86, 129, 17, 42, 241, 245, 3, 126, 80, 247, 77, 120, 210, 244, 10, 110, 17, 198, 68, 42, 142, 167, 23, 68, 18, 136, 79, 100, 215, 141, 89, 13, 94, 136, 67, 108, 147, 197, 11, 87, 45, 134, 117, 109, 193, 230, 10, 94, 61, 192, 75, 120, 240, 232, 23, 67, 94, 220, 66, 111, 221, 167, 59, 95, 4, 251, 4, 85, 212, 245, 24, 94, 13, 235, 66, 107, 193, 196, 22, 67, 16, 146, 110, 99, 192, 228, 22, 67, 16, 205, 73, 126, 155, 174, 66, 13, 60, 218, 80, 89, 157, 216, 30, 95, 31, 219, 89, 73, 219, 230, 11, 110, 17, 198, 68, 42, 142, 167, 23, 68, 18, 136, 79, 100, 215, 141, 115, 13, 94, 136, 10, 99, 213, 167, 28, 67, 31, 202, 70, 111, 147, 243, 17, 72, 16, 162, 10, 42, 147, 167, 89, 13, 94, 136, 7, 39, 147, 230, 9, 93, 18, 209, 10, 99, 222, 234, 28, 73, 23, 201, 94, 111, 223, 254, 89, 89, 17, 136, 73, 127, 193, 245, 28, 67, 10, 136, 94, 111, 193, 245, 24, 68, 16, 162, 10, 42, 147, 167, 89, 13, 94, 136, 117, 112, 214, 245, 22, 106, 12, 201, 89, 121, 155, 243, 28, 95, 12, 201, 67, 100, 154, 141, 89, 13, 94, 136, 10, 42, 147, 167, 38, 87, 27, 218, 69, 71, 210, 243, 28, 95, 23, 201, 70, 34, 154, 141, 115, 13, 94, 136, 10, 42, 147, 167, 89, 0, 83, 136, 93, 107, 199, 228, 17, 13, 24, 199, 88, 42, 199, 226, 11, 95, 31, 193, 68, 42, 209, 226, 16, 67, 25, 136, 88, 111, 158, 230, 29, 73, 27, 204, 10, 34, 222, 230, 9, 13, 29, 192, 75, 100, 212, 226, 10, 1, 94, 220, 79, 102, 214, 247, 22, 95, 10, 219, 3, 0, 147, 167, 89, 13, 94, 136, 10, 42, 241, 245, 3, 126, 80, 247, 77, 120, 210, 244, 10, 110, 17, 198, 68, 42, 142, 167, 14, 66, 12, 195, 89, 122, 210, 228, 28, 3, 58, 205, 89, 105, 214, 233, 29, 76, 16, 220, 107, 110, 215, 226, 29, 23, 61, 199, 68, 100, 214, 228, 13, 5, 24, 221, 68, 105, 199, 238, 22, 67, 86, 199, 72, 96, 154, 141, 89, 13, 94, 136, 10, 42, 147, 167, 89, 13, 94, 136, 67, 108, 147, 232, 27, 71, 68, 225, 89, 75, 155, 165, 45, 72, 12, 218, 75, 99, 221, 165, 80, 13, 10, 192, 79, 100, 185, 167, 89, 13, 94, 136, 10, 42, 147, 167, 89, 13, 94, 136, 10, 42, 147, 243, 24, 94, 21, 134, 93, 107, 218, 243, 81, 4, 94, 133, 7, 42, 220, 233, 28, 13, 24, 218, 75, 103, 214, 167, 10, 66, 94, 193, 94, 45, 192, 167, 9, 76, 12, 205, 68, 126, 214, 227, 89, 75, 11, 196, 70, 115, 185, 167, 89, 13, 94, 136, 10, 42, 147, 167, 89, 13, 94, 136, 10, 42, 147, 216, 3, 72, 12, 199, 109, 120, 210, 244, 10, 5, 17, 202, 64, 35, 185, 167, 89, 13, 94, 136, 10, 42, 147, 167, 89, 13, 94, 136, 10, 42, 147, 216, 3, 72, 12, 199, 103, 107, 199, 226, 11, 68, 31, 196, 2, 35, 185, 167, 89, 13, 94, 136, 10, 42, 147, 167, 89, 13, 94, 205, 68, 110, 185, 167, 89, 13, 94, 136, 10, 42, 147, 226, 23, 73, 87, 162, 10, 42, 147, 167, 89, 13, 94, 136, 7, 39, 147, 245, 28, 0, 31, 216, 90, 102, 202, 167, 22, 67, 94, 218, 79, 121, 195, 230, 14, 67, 94, 193, 68, 42, 208, 230, 10, 72, 94, 220, 79, 120, 193, 230, 16, 67, 94, 193, 89, 42, 193, 226, 21, 66, 31, 204, 79, 110, 147, 247, 28, 95, 83, 203, 66, 107, 193, 230, 26, 89, 27, 218, 32, 42, 147, 167, 89, 13, 94, 136, 10, 72, 193, 253, 42, 3, 33, 207, 88, 107, 192, 244, 58, 69, 31, 218, 105, 101, 221, 233, 89, 16, 94, 216, 70, 107, 202, 226, 11, 3, 61, 192, 75, 120, 210, 228, 13, 72, 12, 233, 78, 110, 214, 227, 67, 110, 17, 198, 68, 111, 208, 243, 81, 75, 11, 198, 73, 126, 218, 232, 23, 5, 87, 162, 10, 42, 147, 167, 89, 13, 94, 136, 10, 42, 147, 167, 13, 76, 13, 195, 4, 125, 210, 238, 13, 5, 78, 134, 31, 35, 185, 167, 89, 13, 94, 136, 10, 42, 147, 167, 89, 13, 94, 247, 80, 111, 193, 232, 62, 95, 31, 219, 89, 34, 196, 232, 11, 70, 13, 216, 75, 105, 214, 189, 63, 68, 16, 204, 108, 99, 193, 244, 13, 110, 22, 193, 70, 110, 252, 225, 58, 65, 31, 219, 89, 34, 145, 211, 28, 95, 12, 201, 67, 100, 145, 174, 80, 39, 94, 136, 10, 42, 147, 167, 89, 13, 27, 198, 78, 35, 185, 167, 89, 13, 94, 205, 70, 121, 214, 141, 89, 13, 94, 136, 10, 42, 147, 167, 38, 95, 27, 219, 94, 101, 193, 226, 62, 95, 31, 219, 89, 34, 199, 226, 11, 95, 31, 193, 68, 35, 185, 167, 89, 13, 94, 136, 10, 42, 147, 216, 11, 72, 13, 220, 69, 120, 214, 202, 24, 89, 27, 218, 67, 107, 223, 175, 80, 39, 94, 136, 10, 42, 214, 233, 29, 39, 27, 198, 78, 0, 185, 208, 21, 73, 45, 205, 73, 126, 218, 232, 23, 23, 42, 199, 77, 109, 223, 226, 81, 86, 42, 193, 94, 102, 214, 167, 68, 13, 92, 218, 79, 103, 220, 241, 28, 13, 25, 218, 75, 121, 192, 165, 85, 13, 56, 196, 75, 109, 147, 186, 89, 15, 41, 196, 78, 68, 220, 192, 11, 76, 13, 219, 8, 38, 147, 195, 28, 75, 31, 221, 70, 126, 147, 186, 89, 75, 31, 196, 89, 111, 159, 167, 58, 76, 18, 196, 72, 107, 208, 236, 89, 16, 94, 206, 95, 100, 208, 243, 16, 66, 16, 128, 89, 35, 185, 167, 89, 13, 94, 229, 69, 110, 224, 169, 23, 66, 57, 218, 75, 121, 192, 167, 68, 13, 13, 162, 10, 42, 147, 167, 24, 93, 14, 196, 83, 77, 193, 230, 10, 94, 44, 205, 71, 101, 197, 230, 21, 5, 13, 129, 32, 111, 221, 227, 4, 4, 116, 255, 70, 110, 224, 226, 26, 89, 23, 199, 68, 48, 231, 232, 30, 74, 18, 205, 2, 113, 231, 238, 13, 65, 27, 136, 23, 42, 145, 233, 22, 13, 18, 205, 75, 124, 214, 244, 91, 1, 94, 238, 70, 107, 212, 167, 68, 13, 92, 255, 70, 110, 253, 232, 53, 72, 31, 222, 79, 121, 145, 171, 89, 105, 27, 206, 75, 127, 223, 243, 89, 16, 94, 206, 75, 102, 192, 226, 85, 13, 61, 201, 70, 102, 209, 230, 26, 70, 94, 149, 10, 108, 198, 233, 26, 89, 23, 199, 68, 34, 192, 174, 115, 13, 94, 136, 10, 72, 193, 253, 42, 3, 16, 199, 102, 111, 210, 241, 28, 94, 94, 149, 10, 121, 185, 167, 89, 13, 94, 193, 76, 42, 241, 245, 3, 126, 80, 201, 90, 122, 223, 254, 55, 66, 50, 205, 75, 124, 214, 244, 89, 89, 22, 205, 68, 42, 241, 245, 3, 126, 80, 201, 90, 122, 223, 254, 55, 66, 50, 205, 75, 124, 214, 244, 81, 94, 87, 136, 79, 100, 215, 141, 28, 67, 26, 213, 3, 0, 228, 235, 29, 126, 27, 203, 94, 99, 220, 233, 67, 126, 18, 193, 78, 111, 193, 175, 2, 121, 23, 220, 70, 111, 147, 186, 89, 15, 29, 196, 69, 105, 216, 167, 13, 68, 19, 205, 8, 38, 147, 193, 21, 76, 25, 136, 23, 42, 145, 208, 21, 73, 61, 196, 69, 105, 216, 211, 16, 64, 27, 138, 6, 42, 224, 254, 20, 79, 17, 196, 10, 55, 147, 165, 17, 15, 82, 136, 110, 111, 213, 230, 12, 65, 10, 136, 23, 42, 130, 181, 85, 13, 51, 193, 68, 42, 142, 167, 73, 1, 94, 229, 75, 114, 147, 186, 89, 31, 74, 132, 10, 78, 214, 228, 16, 64, 31, 196, 89, 42, 142, 167, 72, 1, 94, 235, 75, 102, 223, 229, 24, 78, 21, 136, 23, 42, 213, 242, 23, 78, 10, 193, 69, 100, 155, 241, 80, 39, 94, 136, 10, 42, 254, 232, 29, 126, 80, 203, 70, 101, 208, 236, 45, 68, 19, 205, 10, 55, 147, 241, 115, 39, 94, 136, 10, 42, 218, 225, 89, 97, 23, 202, 88, 107, 193, 254, 87, 107, 18, 201, 77, 121, 232, 165, 46, 65, 26, 228, 69, 105, 216, 211, 16, 64, 27, 138, 119, 42, 199, 239, 28, 67, 116, 136, 10, 42, 147, 167, 89, 13, 94, 228, 67, 109, 219, 243, 16, 67, 25, 134, 105, 102, 220, 228, 18, 121, 23, 197, 79, 42, 142, 167, 15, 39, 94, 136, 10, 42, 147, 167, 89, 13, 18, 199, 73, 107, 223, 167, 17, 13, 67, 136, 71, 107, 199, 239, 87, 75, 18, 199, 69, 120, 155, 241, 80, 22, 94, 196, 69, 105, 210, 235, 89, 64, 94, 149, 10, 103, 210, 243, 17, 3, 24, 196, 69, 101, 193, 175, 81, 91, 83, 192, 3, 32, 133, 183, 80, 39, 94, 136, 10, 42, 147, 167, 89, 13, 50, 193, 77, 98, 199, 238, 23, 74, 80, 252, 67, 103, 214, 200, 31, 105, 31, 209, 10, 55, 147, 244, 13, 95, 23, 198, 77, 36, 213, 232, 11, 64, 31, 220, 2, 40, 150, 183, 75, 73, 68, 141, 26, 56, 215, 189, 73, 29, 92, 132, 10, 98, 159, 167, 20, 4, 116, 136, 10, 42, 147, 167, 89, 13, 94, 234, 88, 112, 224, 169, 38, 65, 17, 203, 65, 111, 215, 196, 21, 66, 29, 195, 126, 99, 222, 226, 89, 16, 94, 222, 32, 42, 147, 167, 89, 72, 16, 204, 32, 111, 221, 227, 4, 4, 116, 255, 70, 110, 224, 226, 26, 89, 23, 199, 68, 48, 231, 232, 30, 74, 18, 205, 2, 113, 231, 238, 13, 65, 27, 136, 23, 42, 145, 235, 22, 78, 21, 136, 94, 99, 222, 226, 91, 1, 94, 238, 70, 107, 212, 167, 68, 13, 92, 255, 70, 110, 255, 232, 26, 70, 42, 193, 71, 111, 145, 171, 89, 110, 31, 196, 70, 104, 210, 228, 18, 13, 67, 136, 76, 127, 221, 228, 13, 68, 17, 198, 2, 121, 154, 141, 89, 13, 94, 136, 67, 108, 147, 233, 22, 89, 94, 219, 10, 126, 219, 226, 23, 13, 60, 218, 80, 89, 157, 216, 21, 66, 29, 195, 79, 110, 240, 235, 22, 78, 21, 252, 67, 103, 214, 167, 68, 13, 16, 193, 70, 0, 147, 167, 89, 13, 27, 196, 89, 111, 147, 197, 11, 87, 45, 134, 117, 102, 220, 228, 18, 72, 26, 235, 70, 101, 208, 236, 45, 68, 19, 205, 10, 55, 147, 203, 16, 74, 22, 220, 67, 100, 212, 169, 58, 65, 17, 203, 65, 94, 218, 234, 28, 13, 27, 198, 78, 0, 214, 233, 29, 1, 94, 236, 79, 108, 210, 242, 21, 89, 94, 149, 10, 108, 210, 235, 10, 72, 3, 129, 32, 0, 225, 242, 23, 126, 27, 218, 92, 99, 208, 226, 87, 101, 27, 201, 88, 126, 209, 226, 24, 89, 68, 235, 69, 100, 221, 226, 26, 89, 86, 206, 95, 100, 208, 243, 16, 66, 16, 128, 78, 126, 154, 141, 89, 13, 94, 136, 117, 79, 251, 211, 87, 90, 18, 204, 10, 55, 147, 216, 60, 101, 42, 134, 93, 102, 215, 167, 82, 13, 26, 220, 32, 42, 147, 167, 89, 68, 24, 136, 117, 79, 251, 211, 87, 90, 18, 204, 10, 54, 147, 183, 87, 28, 94, 220, 66, 111, 221, 167, 11, 72, 10, 221, 88, 100, 147, 226, 23, 73, 116, 136, 10, 42, 147, 216, 60, 101, 42, 134, 93, 102, 215, 167, 68, 13, 78, 162, 10, 42, 147, 167, 16, 75, 94, 229, 69, 110, 224, 169, 23, 66, 56, 199, 77, 42, 199, 239, 28, 67, 116, 136, 10, 42, 147, 167, 89, 13, 94, 228, 67, 109, 219, 243, 16, 67, 25, 134, 108, 101, 212, 194, 23, 73, 94, 149, 10, 59, 214, 177, 66, 13, 50, 193, 77, 98, 199, 238, 23, 74, 80, 238, 69, 109, 224, 243, 24, 95, 10, 136, 23, 42, 138, 190, 64, 20, 71, 145, 32, 42, 147, 167, 89, 13, 94, 136, 10, 102, 220, 228, 24, 65, 94, 201, 94, 103, 147, 186, 89, 97, 23, 207, 66, 126, 218, 233, 30, 23, 56, 193, 68, 110, 245, 238, 11, 94, 10, 235, 66, 99, 223, 227, 54, 75, 61, 196, 75, 121, 192, 175, 91, 108, 10, 197, 69, 121, 195, 239, 28, 95, 27, 138, 3, 0, 147, 167, 89, 13, 94, 136, 10, 42, 218, 225, 89, 76, 10, 197, 10, 126, 219, 226, 23, 13, 31, 220, 71, 36, 251, 230, 3, 72, 94, 149, 10, 58, 136, 167, 24, 89, 19, 134, 110, 111, 221, 244, 16, 89, 7, 136, 23, 42, 131, 188, 89, 76, 10, 197, 4, 77, 223, 230, 11, 72, 94, 149, 10, 58, 147, 226, 23, 73, 116, 136, 10, 42, 147, 226, 23, 73, 116, 136, 10, 42, 147, 238, 31, 13, 60, 218, 80, 89, 157, 216, 21, 66, 29, 195, 79, 110, 240, 235, 22, 78, 21, 252, 67, 103, 214, 167, 13, 69, 27, 198, 32, 42, 147, 167, 89, 13, 94, 136, 10, 70, 218, 224, 17, 89, 23, 198, 77, 36, 240, 235, 22, 78, 21, 252, 67, 103, 214, 167, 68, 13, 60, 218, 80, 89, 157, 216, 21, 66, 29, 195, 79, 110, 240, 235, 22, 78, 21, 252, 67, 103, 214, 141, 89, 13, 94, 136, 79, 100, 215, 141, 28, 67, 26, 129, 32, 0, 223, 232, 26, 76, 18, 136, 107, 103, 209, 212, 28, 78, 10, 193, 69, 100, 147, 186, 89, 123, 23, 219, 126, 107, 209, 189, 42, 72, 29, 220, 67, 101, 221, 175, 91, 76, 19, 202, 67, 111, 221, 243, 91, 1, 94, 138, 102, 111, 213, 243, 91, 4, 116, 233, 71, 104, 224, 226, 26, 89, 23, 199, 68, 48, 231, 232, 30, 74, 18, 205, 2, 113, 231, 238, 13, 65, 27, 136, 23, 42, 145, 230, 20, 79, 23, 205, 68, 126, 147, 228, 17, 76, 16, 207, 79, 120, 145, 171, 89, 107, 18, 201, 77, 42, 142, 167, 91, 108, 19, 202, 67, 111, 221, 243, 58, 69, 31, 198, 77, 111, 193, 165, 85, 13, 58, 205, 76, 107, 198, 235, 13, 13, 67, 136, 76, 107, 223, 244, 28, 80, 87, 162, 107, 103, 209, 212, 28, 78, 10, 193, 69, 100, 137, 211, 22, 74, 25, 196, 79, 34, 200, 211, 16, 89, 18, 205, 10, 55, 147, 165, 11, 74, 28, 136, 71, 101, 215, 226, 91, 1, 94, 238, 70, 107, 212, 167, 68, 13, 92, 233, 71, 104, 218, 226, 23, 89, 44, 239, 104, 40, 159, 167, 61, 72, 24, 201, 95, 102, 199, 167, 68, 13, 24, 201, 70, 121, 214, 250, 80, 39, 63, 197, 72, 89, 214, 228, 13, 68, 17, 198, 16, 89, 223, 238, 29, 72, 12, 128, 81, 94, 218, 243, 21, 72, 94, 149, 10, 40, 193, 224, 27, 13, 13, 216, 79, 111, 215, 165, 85, 13, 56, 196, 75, 109, 147, 186, 89, 15, 63, 197, 72, 99, 214, 233, 13, 127, 57, 234, 121, 122, 214, 226, 29, 15, 82, 136, 121, 115, 222, 229, 22, 65, 94, 149, 10, 40, 203, 165, 85, 13, 58, 205, 76, 107, 198, 235, 13, 13, 67, 136, 31, 38, 147, 202, 16, 67, 94, 149, 10, 59, 159, 167, 52, 76, 6, 136, 23, 42, 129, 183, 85, 13, 58, 205, 73, 99, 222, 230, 21, 94, 94, 149, 10, 59, 206, 174, 115, 108, 19, 202, 121, 111, 208, 243, 16, 66, 16, 146, 126, 101, 212, 224, 21, 72, 86, 211, 126, 99, 199, 235, 28, 13, 67, 136, 8, 107, 222, 229, 16, 72, 16, 220, 10, 105, 220, 235, 22, 95, 92, 132, 10, 76, 223, 230, 30, 13, 67, 136, 8, 75, 222, 229, 16, 72, 16, 220, 105, 101, 223, 211, 22, 74, 92, 132, 10, 78, 214, 225, 24, 88, 18, 220, 10, 55, 147, 225, 24, 65, 13, 205, 87, 35, 137, 196, 22, 65, 17, 218, 90, 99, 208, 236, 28, 95, 86, 211, 105, 101, 223, 232, 11, 13, 67, 136, 105, 101, 223, 232, 11, 30, 80, 206, 88, 101, 222, 213, 62, 111, 86, 153, 29, 50, 159, 167, 72, 25, 78, 132, 10, 56, 134, 178, 80, 1, 94, 238, 70, 107, 212, 167, 68, 13, 92, 233, 71, 104, 218, 226, 23, 89, 61, 199, 70, 40, 206, 174, 115, 39, 18, 199, 73, 107, 223, 167, 58, 76, 19, 251, 79, 105, 199, 238, 22, 67, 94, 149, 10, 92, 218, 244, 45, 76, 28, 146, 121, 111, 208, 243, 16, 66, 16, 128, 8, 105, 210, 234, 28, 95, 31, 138, 6, 42, 145, 213, 16, 74, 22, 220, 8, 35, 185, 196, 24, 64, 45, 205, 73, 126, 218, 232, 23, 23, 42, 199, 77, 109, 223, 226, 81, 86, 42, 193, 94, 102, 214, 167, 68, 13, 92, 206, 69, 124, 147, 232, 15, 72, 12, 218, 67, 110, 214, 165, 85, 13, 56, 196, 75, 109, 147, 186, 89, 15, 61, 201, 71, 76, 252, 209, 54, 91, 27, 218, 88, 99, 215, 226, 91, 1, 94, 236, 79, 108, 210, 242, 21, 89, 94, 149, 10, 108, 210, 235, 10, 72, 3, 129, 32, 73, 210, 234, 42, 72, 29, 220, 67, 101, 221, 189, 42, 65, 23, 204, 79, 120, 155, 252, 45, 68, 10, 196, 79, 42, 142, 167, 91, 75, 17, 222, 10, 124, 210, 235, 12, 72, 92, 132, 10, 76, 223, 230, 30, 13, 67, 136, 8, 73, 210, 234, 63, 98, 40, 138, 6, 42, 224, 254, 20, 79, 17, 196, 10, 55, 147, 165, 29, 72, 25, 138, 6, 42, 247, 226, 31, 76, 11, 196, 94, 42, 142, 167, 78, 29, 82, 136, 103, 99, 221, 167, 68, 13, 76, 152, 6, 42, 254, 230, 1, 13, 67, 136, 27, 62, 131, 171, 89, 105, 27, 203, 67, 103, 210, 235, 10, 13, 67, 136, 27, 119, 154, 141, 21, 66, 29, 201, 70, 42, 236, 243, 22, 74, 61, 201, 71, 80, 220, 232, 20, 13, 67, 136, 105, 107, 222, 212, 28, 78, 10, 193, 69, 100, 137, 211, 22, 74, 25, 196, 79, 34, 200, 211, 16, 89, 18, 205, 10, 55, 147, 165, 3, 66, 17, 197, 8, 38, 147, 193, 21, 76, 25, 136, 23, 42, 145, 196, 24, 64, 36, 199, 69, 103, 145, 171, 89, 105, 27, 206, 75, 127, 223, 243, 89, 16, 94, 206, 75, 102, 192, 226, 4, 4, 116, 247, 94, 101, 212, 196, 24, 64, 36, 199, 69, 103, 137, 204, 28, 84, 28, 193, 68, 110, 155, 252, 45, 68, 10, 196, 79, 42, 142, 167, 91, 87, 17, 199, 71, 42, 216, 226, 0, 15, 82, 136, 108, 102, 210, 224, 89, 16, 94, 138, 105, 107, 222, 221, 22, 66, 19, 227, 79, 115, 145, 171, 89, 102, 27, 209, 10, 55, 147, 194, 23, 88, 19, 134, 97, 111, 202, 196, 22, 73, 27, 134, 102, 111, 213, 243, 56, 65, 10, 132, 10, 89, 199, 230, 13, 72, 42, 209, 90, 111, 147, 186, 89, 15, 54, 199, 70, 110, 145, 171, 89, 110, 31, 196, 70, 104, 210, 228, 18, 13, 67, 136, 76, 127, 221, 228, 13, 68, 17, 198, 2, 121, 199, 230, 13, 72, 87, 136, 117, 126, 220, 224, 58, 76, 19, 242, 69, 101, 222, 189, 42, 72, 10, 128, 89, 126, 210, 243, 28, 4, 94, 205, 68, 110, 206, 174, 115, 110, 31, 197, 121, 111, 208, 243, 16, 66, 16, 146, 121, 102, 218, 227, 28, 95, 86, 211, 126, 99, 199, 235, 28, 13, 67, 136, 8, 112, 220, 232, 20, 13, 24, 199, 92, 40, 159, 167, 63, 65, 31, 207, 10, 55, 147, 165, 58, 76, 19, 242, 69, 101, 222, 193, 54, 123, 92, 132, 10, 89, 202, 234, 27, 66, 18, 136, 23, 42, 145, 227, 28, 74, 92, 132, 10, 78, 214, 225, 24, 88, 18, 220, 10, 55, 147, 182, 76, 1, 94, 229, 67, 100, 147, 186, 89, 28, 82, 136, 103, 107, 203, 167, 68, 13, 73, 152, 6, 42, 247, 226, 26, 68, 19, 201, 70, 121, 147, 186, 89, 28, 3, 129, 32, 73, 210, 234, 42, 72, 29, 220, 67, 101, 221, 189, 45, 66, 25, 207, 70, 111, 155, 252, 45, 68, 10, 196, 79, 42, 142, 167, 91, 78, 12, 199, 89, 121, 219, 230, 16, 95, 92, 132, 10, 76, 223, 230, 30, 13, 67, 136, 8, 73, 210, 234, 58, 95, 17, 219, 89, 98, 210, 238, 11, 15, 82, 136, 110, 111, 213, 230, 12, 65, 10, 136, 23, 42, 213, 230, 21, 94, 27, 213, 3, 0, 240, 230, 20, 126, 27, 203, 94, 99, 220, 233, 67, 105, 12, 199, 90, 110, 220, 240, 23, 5, 5, 252, 67, 126, 223, 226, 89, 16, 94, 138, 73, 120, 220, 244, 10, 69, 31, 193, 88, 42, 192, 243, 0, 65, 27, 138, 6, 42, 245, 235, 24, 74, 94, 149, 10, 40, 240, 230, 20, 117, 22, 201, 67, 120, 224, 243, 0, 65, 27, 138, 6, 42, 255, 238, 10, 89, 94, 149, 10, 113, 145, 195, 22, 89, 92, 132, 8, 73, 193, 232, 10, 94, 92, 132, 8, 73, 218, 245, 26, 65, 27, 136, 110, 101, 199, 165, 4, 1, 94, 236, 79, 108, 210, 242, 21, 89, 94, 149, 10, 40, 247, 232, 13, 15, 3, 129, 32, 73, 210, 234, 42, 72, 29, 220, 67, 101, 221, 189, 45, 66, 25, 207, 70, 111, 155, 252, 45, 68, 10, 196, 79, 42, 142, 167, 91, 78, 31, 197, 79, 120, 210, 167, 13, 68, 18, 220, 8, 38, 147, 193, 21, 76, 25, 136, 23, 42, 145, 196, 24, 64, 42, 193, 70, 126, 145, 171, 89, 105, 27, 206, 75, 127, 223, 243, 89, 16, 94, 206, 75, 102, 192, 226, 4, 4, 116, 235, 75, 103, 224, 226, 26, 89, 23, 199, 68, 48, 224, 235, 16, 73, 27, 218, 2, 113, 231, 238, 13, 65, 27, 136, 23, 42, 145, 243, 16, 65, 10, 136, 75, 100, 212, 235, 28, 15, 82, 136, 108, 102, 210, 224, 89, 16, 94, 138, 105, 107, 222, 211, 16, 65, 10, 233, 68, 109, 223, 226, 91, 1, 94, 251, 83, 103, 209, 232, 21, 13, 67, 136, 8, 110, 214, 224, 91, 1, 94, 236, 79, 108, 210, 242, 21, 89, 94, 149, 10, 59, 134, 171, 89, 96, 23, 198, 10, 55, 147, 183, 85, 13, 51, 201, 82, 42, 142, 167, 77, 24, 82, 136, 110, 111, 208, 238, 20, 76, 18, 219, 10, 55, 147, 182, 4, 4, 116, 162, 32, 0, 223, 232, 26, 76, 18, 136, 108, 120, 214, 226, 58, 76, 19, 251, 79, 105, 199, 238, 22, 67, 94, 149, 10, 92, 218, 244, 45, 76, 28, 146, 121, 111, 208, 243, 16, 66, 16, 128, 8, 108, 193, 226, 28, 13, 29, 201, 71, 40, 159, 167, 91, 97, 27, 206, 94, 40, 154, 141, 115, 73, 17, 162, 10, 42, 147, 167, 21, 66, 29, 201, 70, 42, 236, 225, 26, 104, 16, 201, 72, 102, 214, 227, 89, 16, 94, 206, 75, 102, 192, 226, 115, 13, 94, 136, 10, 102, 220, 228, 24, 65, 94, 247, 76, 105, 240, 230, 20, 13, 67, 136, 68, 99, 223, 141, 89, 13, 94, 136, 70, 101, 208, 230, 21, 13, 33, 206, 73, 73, 220, 233, 23, 13, 67, 136, 68, 99, 223, 141, 89, 13, 94, 136, 70, 101, 208, 230, 21, 13, 33, 206, 73, 89, 195, 226, 28, 73, 94, 149, 10, 56, 131, 141, 89, 13, 94, 136, 70, 101, 208, 230, 21, 13, 33, 206, 73, 89, 214, 233, 10, 97, 31, 202, 79, 102, 147, 186, 89, 107, 12, 205, 79, 73, 210, 234, 42, 72, 29, 220, 67, 101, 221, 189, 53, 76, 28, 205, 70, 34, 145, 244, 9, 72, 27, 204, 16, 42, 129, 183, 91, 4, 116, 162, 10, 42, 147, 167, 63, 95, 27, 205, 105, 107, 222, 212, 28, 78, 10, 193, 69, 100, 137, 211, 22, 74, 25, 196, 79, 34, 200, 211, 16, 89, 18, 205, 10, 55, 147, 165, 28, 67, 31, 202, 70, 111, 147, 225, 11, 72, 27, 136, 73, 107, 222, 165, 85, 13, 56, 196, 75, 109, 147, 186, 89, 15, 56, 218, 79, 111, 240, 230, 20, 15, 82, 136, 110, 111, 213, 230, 12, 65, 10, 136, 23, 42, 213, 230, 21, 94, 27, 132, 10, 73, 210, 235, 21, 79, 31, 203, 65, 42, 142, 167, 31, 88, 16, 203, 94, 99, 220, 233, 81, 94, 87, 162, 10, 42, 147, 167, 89, 13, 94, 136, 117, 108, 208, 194, 23, 76, 28, 196, 79, 110, 147, 186, 89, 94, 116, 136, 10, 42, 147, 167, 89, 13, 94, 193, 76, 42, 192, 167, 13, 69, 27, 198, 32, 42, 147, 167, 89, 13, 94, 136, 10, 42, 147, 167, 89, 0, 83, 136, 89, 126, 220, 245, 28, 13, 17, 218, 67, 109, 218, 233, 24, 65, 94, 203, 75, 103, 214, 245, 24, 39, 94, 136, 10, 42, 147, 167, 89, 13, 94, 136, 10, 42, 236, 225, 26, 110, 31, 197, 10, 55, 147, 252, 20, 66, 26, 205, 10, 55, 147, 228, 24, 64, 80, 235, 75, 103, 214, 245, 24, 121, 7, 216, 79, 38, 147, 244, 12, 79, 20, 205, 73, 126, 147, 186, 89, 78, 31, 197, 4, 73, 210, 234, 28, 95, 31, 251, 95, 104, 217, 226, 26, 89, 82, 136, 73, 108, 147, 186, 89, 78, 31, 197, 4, 73, 245, 245, 24, 64, 27, 213, 32, 42, 147, 167, 89, 13, 94, 136, 10, 42, 147, 167, 89, 78, 31, 197, 4, 73, 210, 234, 28, 95, 31, 252, 83, 122, 214, 167, 68, 13, 59, 198, 95, 103, 157, 196, 24, 64, 27, 218, 75, 94, 202, 247, 28, 3, 45, 203, 88, 99, 195, 243, 24, 79, 18, 205, 32, 42, 147, 167, 89, 13, 94, 136, 10, 42, 147, 167, 89, 78, 31, 197, 4, 73, 210, 234, 28, 95, 31, 251, 95, 104, 217, 226, 26, 89, 94, 149, 10, 100, 218, 235, 115, 39, 94, 136, 10, 42, 147, 167, 89, 13, 94, 136, 10, 42, 223, 232, 26, 76, 18, 136, 127, 67, 224, 167, 68, 13, 25, 201, 71, 111, 137, 192, 28, 89, 45, 205, 88, 124, 218, 228, 28, 5, 92, 253, 89, 111, 193, 206, 23, 93, 11, 220, 121, 111, 193, 241, 16, 78, 27, 138, 3, 0, 147, 167, 89, 13, 94, 136, 10, 42, 147, 167, 89, 13, 18, 199, 73, 107, 223, 167, 43, 126, 94, 136, 23, 42, 212, 230, 20, 72, 68, 239, 79, 126, 224, 226, 11, 91, 23, 203, 79, 34, 145, 213, 12, 67, 45, 205, 88, 124, 218, 228, 28, 15, 87, 162, 10, 42, 147, 167, 89, 13, 94, 136, 10, 42, 147, 167, 21, 66, 29, 201, 70, 42, 195, 238, 13, 78, 22, 132, 10, 115, 210, 240, 89, 16, 94, 152, 6, 42, 131, 141, 89, 13, 94, 136, 10, 42, 147, 167, 89, 13, 94, 136, 70, 101, 208, 230, 21, 13, 18, 201, 89, 126, 254, 232, 12, 94, 27, 136, 23, 42, 230, 206, 42, 23, 57, 205, 94, 71, 220, 242, 10, 72, 50, 199, 73, 107, 199, 238, 22, 67, 86, 129, 32, 42, 147, 167, 89, 13, 94, 136, 10, 42, 147, 167, 89, 65, 17, 203, 75, 102, 147, 244, 28, 67, 13, 136, 23, 42, 131, 169, 73, 29, 77, 162, 32, 42, 147, 167, 89, 13, 94, 136, 10, 42, 147, 167, 89, 114, 24, 203, 105, 101, 221, 233, 89, 16, 94, 250, 121, 36, 225, 226, 23, 73, 27, 218, 121, 126, 214, 247, 9, 72, 26, 146, 105, 101, 221, 233, 28, 78, 10, 128, 76, 127, 221, 228, 13, 68, 17, 198, 2, 110, 199, 174, 115, 13, 94, 136, 10, 42, 147, 167, 89, 13, 94, 136, 10, 42, 147, 167, 89, 68, 24, 136, 68, 101, 199, 167, 38, 75, 29, 237, 68, 107, 209, 235, 28, 73, 94, 220, 66, 111, 221, 141, 89, 13, 94, 136, 10, 42, 147, 167, 89, 13, 94, 136, 10, 42, 147, 167, 89, 13, 94, 136, 67, 108, 147, 216, 31, 78, 61, 199, 68, 100, 147, 243, 17, 72, 16, 136, 117, 108, 208, 196, 22, 67, 16, 146, 110, 99, 192, 228, 22, 67, 16, 205, 73, 126, 155, 174, 66, 13, 33, 206, 73, 73, 220, 233, 23, 13, 67, 136, 68, 99, 223, 167, 28, 67, 26, 162, 10, 42, 147, 167, 89, 13, 94, 136, 10, 42, 147, 167, 89, 13, 94, 136, 10, 42, 147, 167, 11, 72, 10, 221, 88, 100, 185, 167, 89, 13, 94, 136, 10, 42, 147, 167, 89, 13, 94, 136, 10, 42, 147, 226, 23, 73, 116, 136, 10, 42, 147, 167, 89, 13, 94, 136, 10, 42, 147, 167, 89, 13, 94, 133, 7, 42, 222, 232, 12, 94, 27, 136, 70, 101, 220, 236, 115, 13, 94, 136, 10, 42, 147, 167, 89, 13, 94, 136, 10, 42, 147, 167, 89, 65, 17, 203, 75, 102, 147, 234, 89, 16, 94, 253, 99, 89, 137, 192, 28, 89, 51, 199, 95, 121, 214, 203, 22, 78, 31, 220, 67, 101, 221, 175, 80, 39, 94, 136, 10, 42, 147, 167, 89, 13, 94, 136, 10, 42, 147, 167, 89, 13, 18, 199, 73, 107, 223, 167, 29, 85, 94, 149, 10, 103, 157, 223, 89, 0, 94, 196, 75, 121, 199, 202, 22, 88, 13, 205, 4, 82, 185, 167, 89, 13, 94, 136, 10, 42, 147, 167, 89, 13, 94, 136, 10, 42, 147, 235, 22, 78, 31, 196, 10, 110, 202, 167, 68, 13, 19, 134, 115, 42, 158, 167, 21, 76, 13, 220, 103, 101, 198, 244, 28, 3, 39, 162, 10, 42, 147, 167, 89, 13, 94, 136, 10, 42, 147, 167, 89, 13, 94, 136, 70, 107, 192, 243, 52, 66, 11, 219, 79, 42, 142, 167, 20, 39, 94, 136, 10, 42, 147, 167, 89, 13, 94, 136, 10, 42, 147, 167, 89, 13, 7, 201, 93, 42, 147, 167, 68, 13, 7, 201, 93, 42, 147, 167, 84, 13, 26, 208, 10, 32, 147, 244, 28, 67, 13, 162, 10, 42, 147, 167, 89, 13, 94, 136, 10, 42, 147, 167, 89, 13, 94, 136, 90, 99, 199, 228, 17, 13, 67, 136, 71, 107, 199, 239, 87, 78, 18, 201, 71, 122, 155, 247, 16, 89, 29, 192, 10, 39, 147, 227, 0, 13, 84, 136, 89, 111, 221, 244, 85, 13, 83, 197, 75, 126, 219, 169, 9, 68, 81, 154, 10, 33, 147, 183, 87, 29, 79, 132, 10, 103, 210, 243, 17, 3, 14, 193, 5, 56, 147, 170, 89, 29, 80, 152, 27, 35, 185, 167, 89, 13, 94, 136, 10, 42, 147, 167, 89, 13, 94, 136, 10, 42, 147, 235, 22, 78, 31, 196, 10, 120, 220, 243, 89, 16, 94, 235, 108, 120, 210, 234, 28, 3, 63, 198, 77, 102, 214, 244, 81, 29, 82, 136, 83, 107, 196, 171, 89, 29, 87, 136, 0, 42, 240, 193, 11, 76, 19, 205, 4, 75, 221, 224, 21, 72, 13, 128, 90, 99, 199, 228, 17, 1, 94, 152, 6, 42, 131, 174, 115, 39, 94, 136, 10, 42, 147, 167, 89, 13, 94, 136, 10, 42, 147, 167, 89, 13, 83, 133, 10, 93, 242, 212, 61, 13, 19, 199, 92, 111, 222, 226, 23, 89, 116, 136, 10, 42, 147, 167, 89, 13, 94, 136, 10, 42, 147, 167, 89, 13, 94, 196, 69, 105, 210, 235, 89, 64, 17, 222, 79, 42, 142, 167, 47, 72, 29, 220, 69, 120, 128, 169, 23, 72, 9, 128, 3, 0, 147, 167, 89, 13, 94, 136, 10, 42, 147, 167, 89, 13, 94, 136, 10, 42, 223, 232, 26, 76, 18, 136, 89, 122, 215, 167, 68, 13, 33, 206, 73, 89, 195, 226, 28, 73, 94, 130, 10, 110, 199, 141, 89, 13, 94, 136, 10, 42, 147, 167, 89, 13, 94, 136, 10, 42, 147, 167, 16, 75, 94, 253, 99, 89, 137, 206, 10, 102, 27, 209, 110, 101, 196, 233, 81, 104, 16, 221, 71, 36, 248, 226, 0, 110, 17, 204, 79, 36, 228, 174, 89, 89, 22, 205, 68, 42, 222, 232, 15, 72, 94, 149, 10, 103, 220, 241, 28, 13, 85, 136, 88, 101, 199, 169, 53, 66, 17, 195, 124, 111, 208, 243, 22, 95, 94, 205, 68, 110, 185, 167, 89, 13, 94, 136, 10, 42, 147, 167, 89, 13, 94, 136, 10, 42, 147, 238, 31, 13, 43, 225, 121, 48, 250, 244, 50, 72, 7, 236, 69, 125, 221, 175, 60, 67, 11, 197, 4, 65, 214, 254, 58, 66, 26, 205, 4, 89, 154, 167, 13, 69, 27, 198, 10, 103, 220, 241, 28, 13, 67, 136, 71, 101, 197, 226, 89, 0, 94, 218, 69, 126, 157, 203, 22, 66, 21, 254, 79, 105, 199, 232, 11, 13, 27, 198, 78, 0, 147, 167, 89, 13, 94, 136, 10, 42, 147, 167, 89, 13, 94, 136, 10, 42, 218, 225, 89, 120, 55, 251, 16, 67, 192, 204, 28, 84, 58, 199, 93, 100, 155, 194, 23, 88, 19, 134, 97, 111, 202, 196, 22, 73, 27, 134, 107, 35, 147, 243, 17, 72, 16, 136, 71, 101, 197, 226, 89, 16, 94, 197, 69, 124, 214, 167, 84, 13, 12, 199, 94, 36, 225, 238, 30, 69, 10, 254, 79, 105, 199, 232, 11, 13, 27, 198, 78, 0, 147, 167, 89, 13, 94, 136, 10, 42, 147, 167, 89, 13, 94, 136, 10, 42, 218, 225, 89, 120, 55, 251, 16, 67, 192, 204, 28, 84, 58, 199, 93, 100, 155, 194, 23, 88, 19, 134, 97, 111, 202, 196, 22, 73, 27, 134, 110, 35, 147, 243, 17, 72, 16, 136, 71, 101, 197, 226, 89, 16, 94, 197, 69, 124, 214, 167, 82, 13, 12, 199, 94, 36, 225, 238, 30, 69, 10, 254, 79, 105, 199, 232, 11, 13, 27, 198, 78, 0, 147, 167, 89, 13, 94, 136, 10, 42, 147, 167, 89, 13, 94, 136, 10, 42, 218, 225, 89, 120, 55, 251, 16, 67, 192, 204, 28, 84, 58, 199, 93, 100, 155, 194, 23, 88, 19, 134, 97, 111, 202, 196, 22, 73, 27, 134, 111, 35, 147, 243, 17, 72, 16, 136, 71, 101, 197, 226, 89, 16, 94, 197, 69, 124, 214, 167, 82, 13, 40, 205, 73, 126, 220, 245, 74, 3, 16, 205, 93, 34, 131, 171, 72, 1, 78, 129, 10, 111, 221, 227, 115, 13, 94, 136, 10, 42, 147, 167, 89, 13, 94, 136, 10, 42, 147, 167, 89, 68, 24, 136, 127, 67, 224, 189, 48, 94, 53, 205, 83, 78, 220, 240, 23, 5, 59, 198, 95, 103, 157, 204, 28, 84, 61, 199, 78, 111, 157, 214, 80, 13, 10, 192, 79, 100, 147, 234, 22, 91, 27, 136, 23, 42, 222, 232, 15, 72, 94, 133, 10, 92, 214, 228, 13, 66, 12, 155, 4, 100, 214, 240, 81, 29, 82, 153, 6, 58, 154, 167, 28, 67, 26, 162, 32, 42, 147, 167, 89, 13, 94, 136, 10, 42, 147, 167, 89, 13, 94, 136, 10, 102, 220, 228, 24, 65, 94, 216, 69, 121, 147, 186, 89, 78, 31, 197, 4, 73, 245, 245, 24, 64, 27, 134, 122, 101, 192, 238, 13, 68, 17, 198, 10, 33, 147, 234, 22, 91, 27, 136, 0, 42, 192, 247, 29, 39, 94, 136, 10, 42, 147, 167, 89, 13, 94, 136, 10, 42, 147, 167, 89, 13, 29, 201, 71, 36, 240, 193, 11, 76, 19, 205, 10, 55, 147, 196, 63, 95, 31, 197, 79, 36, 221, 226, 14, 5, 14, 199, 89, 35, 147, 173, 89, 95, 17, 220, 32, 42, 147, 167, 89, 13, 94, 136, 10, 42, 147, 167, 89, 72, 16, 204, 3, 0, 147, 167, 89, 13, 94, 136, 10, 42, 214, 235, 10, 72, 116, 136, 10, 42, 147, 167, 89, 13, 94, 136, 10, 42, 147, 238, 31, 13, 33, 206, 73, 73, 220, 233, 23, 13, 10, 192, 79, 100, 147, 216, 31, 78, 61, 199, 68, 100, 137, 195, 16, 94, 29, 199, 68, 100, 214, 228, 13, 5, 87, 147, 10, 85, 213, 228, 58, 66, 16, 198, 10, 55, 147, 233, 16, 65, 94, 205, 68, 110, 185, 167, 89, 13, 94, 136, 10, 42, 147, 167, 89, 13, 94, 193, 76, 42, 236, 225, 26, 110, 31, 197, 10, 126, 219, 226, 23, 39, 94, 136, 10, 42, 147, 167, 89, 13, 94, 136, 10, 42, 147, 167, 89, 13, 29, 201, 71, 36, 240, 230, 20, 72, 12, 201, 126, 115, 195, 226, 89, 16, 94, 247, 76, 105, 240, 230, 20, 3, 19, 199, 78, 111, 147, 232, 11, 13, 59, 198, 95, 103, 157, 196, 24, 64, 27, 218, 75, 94, 202, 247, 28, 3, 61, 221, 89, 126, 220, 234, 115, 13, 94, 136, 10, 42, 147, 167, 89, 13, 94, 136, 10, 42, 147, 167, 89, 78, 31, 197, 4, 73, 210, 234, 28, 95, 31, 251, 95, 104, 217, 226, 26, 89, 94, 149, 10, 109, 210, 234, 28, 23, 57, 205, 94, 89, 214, 245, 15, 68, 29, 205, 2, 40, 227, 235, 24, 84, 27, 218, 89, 40, 154, 169, 53, 66, 29, 201, 70, 90, 223, 230, 0, 72, 12, 134, 105, 98, 210, 245, 24, 78, 10, 205, 88, 0, 147, 167, 89, 13, 94, 136, 10, 42, 147, 167, 89, 13, 94, 136, 10, 42, 147, 167, 89, 13, 31, 198, 78, 42, 212, 230, 20, 72, 68, 239, 79, 126, 224, 226, 11, 91, 23, 203, 79, 34, 145, 215, 21, 76, 7, 205, 88, 121, 145, 174, 87, 97, 17, 203, 75, 102, 227, 235, 24, 84, 27, 218, 4, 73, 219, 230, 11, 76, 29, 220, 79, 120, 137, 193, 16, 67, 26, 238, 67, 120, 192, 243, 58, 69, 23, 196, 78, 69, 213, 196, 21, 76, 13, 219, 2, 40, 251, 242, 20, 76, 16, 199, 67, 110, 145, 174, 115, 13, 94, 136, 10, 42, 147, 167, 89, 13, 94, 136, 10, 42, 147, 167, 89, 13, 94, 136, 10, 101, 193, 167, 38, 75, 29, 235, 75, 103, 157, 244, 12, 79, 20, 205, 73, 126, 185, 167, 89, 13, 94, 136, 10, 42, 147, 167, 89, 13, 94, 205, 68, 110, 185, 167, 89, 13, 94, 136, 10, 42, 147, 226, 23, 73, 116, 136, 10, 42, 147, 226, 23, 73, 3, 129, 32, 0, 147, 167, 89, 13, 56, 218, 79, 111, 240, 230, 20, 126, 27, 203, 94, 99, 220, 233, 67, 126, 18, 193, 78, 111, 193, 175, 2, 121, 23, 220, 70, 111, 147, 186, 89, 15, 13, 216, 79, 111, 215, 165, 85, 13, 56, 196, 75, 109, 147, 186, 89, 15, 56, 218, 79, 111, 240, 230, 20, 126, 14, 205, 79, 110, 145, 171, 89, 126, 7, 197, 72, 101, 223, 167, 68, 13, 92, 138, 6, 42, 247, 226, 31, 76, 11, 196, 94, 42, 142, 167, 75, 29, 82, 136, 103, 99, 221, 167, 68, 13, 75, 132, 10, 71, 210, 255, 89, 16, 94, 153, 31, 58, 159, 167, 61, 72, 29, 193, 71, 107, 223, 244, 89, 16, 94, 152, 6, 42, 240, 230, 21, 65, 28, 201, 73, 97, 147, 186, 89, 75, 11, 198, 73, 126, 218, 232, 23, 5, 8, 129, 32, 42, 147, 167, 89, 13, 94, 136, 10, 85, 213, 228, 42, 93, 27, 205, 78, 42, 142, 167, 15, 39, 94, 136, 10, 42, 147, 167, 89, 13, 33, 206, 73, 89, 214, 233, 10, 97, 31, 202, 79, 102, 137, 212, 28, 89, 86, 138, 89, 122, 214, 226, 29, 23, 94, 138, 10, 36, 157, 167, 15, 4, 116, 136, 10, 42, 147, 226, 23, 73, 3, 129, 32, 111, 221, 227, 115, 39, 33, 239, 4, 79, 251, 216, 47, 68, 13, 252, 75, 104, 147, 167, 89, 13, 67, 136, 124, 99, 192, 211, 24, 79}
local SweDraYyIaNdWB = {135, 121, 45, 126, 168, 42, 10, 179}
local RsxIfvaItttXkM = {}
for fcUostbGdhVPjJ = 1, #zyVrrwLKfJBBql do
    RsxIfvaItttXkM[fcUostbGdhVPjJ] = BJXuCpSaVvN0Zd(zyVrrwLKfJBBql[fcUostbGdhVPjJ],SweDraYyIaNdWB[((fcUostbGdhVPjJ-1)%#SweDraYyIaNdWB)+1])
end
local DZBBuH8N8ekaqW = ''
for UPQ9JPdwqLwmR3=1,#RsxIfvaItttXkM,256 do
    local j46Ktybu8xtMDt=UPQ9JPdwqLwmR3+255
    if j46Ktybu8xtMDt>#RsxIfvaItttXkM then j46Ktybu8xtMDt=#RsxIfvaItttXkM end
    local _t={}
    for _i=UPQ9JPdwqLwmR3,j46Ktybu8xtMDt do _t[#_t+1]=RsxIfvaItttXkM[_i] end
    DZBBuH8N8ekaqW=DZBBuH8N8ekaqW..string.char(unpack(_t))
end
local MPr5AEj5pAgaV3 = loadstring or load
local lpEGinZG5SLBxO, Kj1ij3vfVp6KcK = MPr5AEj5pAgaV3(DZBBuH8N8ekaqW)
if not lpEGinZG5SLBxO then error(Kj1ij3vfVp6KcK) end
lpEGinZG5SLBxO()

