local bwJnQPWIX8 = math.random()
for r26k4 = 1, 5 do local NTS1E1fS = r26k4 end
do local FJWBOr0Jk6 = 2985 end
do local bO9HGygqF5 = 1233 end
for GtaRy = 1, 4 do local aY9XgJ00 = GtaRy end
local ZbVjJdNVO86aC = (96 * 39)
local RT4rmujQL = (32 * 97)
for rojHm = 1, 3 do local Ai5M2I87 = rojHm end
local VrJOvvNbO2 = "T7Rise26"
local qFkizwF0 = "bcBWRyOgElhyfo"
local KFW4SrdOW = 794334
local yAjqvxr9P = math.random()
do local jCQMXzzjcj = 3157 end
local qFAzPwe1mZhV = (50 * 97)
local TPnAExhpduY = (3 * 17)
local function fzMbBgo0AzYbIV(GoOfwr,eBrNuG)
    local GQvzRi,DA4cYE=0,1
    while GoOfwr>0 or eBrNuG>0 do
        if (GoOfwr%2)~=(eBrNuG%2) then GQvzRi=GQvzRi+DA4cYE end
        GoOfwr=math.floor(GoOfwr/2)
        eBrNuG=math.floor(eBrNuG/2)
        DA4cYE=DA4cYE*2
    end
    return GQvzRi
end
local xuGsVQ0EGGSQDz = {9, 229, 182, 100, 78, 177, 52, 148, 11, 238, 186, 114, 2, 177, 94, 221, 58, 205, 251, 64, 106, 206, 52, 148, 11, 238, 186, 114, 40, 253, 12, 158, 4, 230, 245, 73, 75, 243, 17, 156, 23, 243, 245, 56, 2, 206, 36, 211, 32, 194, 138, 73, 75, 243, 17, 156, 23, 243, 223, 15, 78, 254, 0, 156, 9, 170, 150, 106, 76, 247, 10, 154, 49, 235, 183, 37, 2, 177, 67, 221, 69, 183, 245, 82, 75, 255, 7, 146, 18, 176, 129, 100, 64, 185, 65, 158, 3, 237, 247, 44, 40, 253, 12, 158, 4, 230, 245, 70, 68, 246, 48, 156, 19, 239, 134, 96, 65, 229, 10, 146, 11, 170, 232, 37, 97, 254, 13, 155, 12, 237, 129, 100, 64, 171, 48, 152, 6, 254, 188, 106, 76, 185, 65, 142, 4, 252, 176, 39, 14, 177, 65, 177, 0, 236, 161, 39, 11, 155, 15, 146, 6, 235, 185, 37, 97, 247, 4, 177, 12, 249, 161, 86, 71, 242, 23, 148, 10, 228, 245, 56, 2, 210, 12, 147, 3, 227, 178, 81, 67, 243, 89, 174, 0, 233, 161, 108, 77, 255, 75, 223, 22, 235, 163, 96, 70, 177, 0, 146, 11, 236, 188, 98, 81, 179, 79, 221, 71, 216, 188, 98, 74, 229, 65, 212, 111, 128, 185, 106, 65, 240, 15, 221, 58, 233, 179, 98, 108, 240, 14, 152, 69, 183, 245, 39, 0, 155, 105, 190, 3, 237, 134, 100, 84, 244, 48, 152, 6, 254, 188, 106, 76, 171, 33, 136, 17, 254, 186, 107, 10, 234, 55, 148, 17, 230, 176, 37, 31, 177, 65, 147, 4, 231, 176, 63, 2, 185, 0, 145, 12, 233, 190, 37, 86, 254, 67, 137, 28, 250, 176, 44, 0, 189, 67, 190, 4, 230, 185, 103, 67, 242, 8, 221, 88, 170, 179, 112, 76, 242, 23, 148, 10, 228, 253, 44, 40, 177, 67, 221, 69, 230, 186, 102, 67, 253, 67, 168, 44, 217, 231, 37, 31, 177, 4, 156, 8, 239, 239, 66, 71, 229, 48, 152, 23, 252, 188, 102, 71, 185, 65, 168, 22, 239, 167, 76, 76, 225, 22, 137, 54, 239, 167, 115, 75, 242, 6, 223, 76, 128, 245, 37, 2, 177, 15, 146, 6, 235, 185, 37, 112, 194, 81, 221, 69, 183, 245, 98, 67, 252, 6, 199, 34, 239, 161, 86, 71, 227, 21, 148, 6, 239, 253, 39, 112, 228, 13, 174, 0, 248, 163, 108, 65, 244, 65, 212, 111, 170, 245, 37, 2, 253, 12, 158, 4, 230, 245, 70, 2, 172, 67, 134, 111, 170, 245, 37, 2, 177, 67, 221, 69, 229, 160, 113, 31, 210, 12, 145, 10, 248, 230, 43, 68, 227, 12, 144, 55, 205, 151, 45, 18, 189, 83, 209, 80, 163, 249, 37, 67, 242, 0, 192, 38, 229, 185, 106, 80, 162, 77, 155, 23, 229, 184, 87, 101, 211, 75, 207, 80, 191, 249, 52, 23, 164, 79, 207, 85, 191, 252, 41, 40, 177, 67, 221, 69, 170, 245, 37, 2, 245, 2, 143, 14, 183, 150, 106, 78, 254, 17, 206, 75, 236, 167, 106, 79, 195, 36, 191, 77, 184, 231, 41, 19, 167, 79, 206, 87, 163, 249, 37, 74, 245, 17, 192, 38, 229, 185, 106, 80, 162, 77, 155, 23, 229, 184, 87, 101, 211, 75, 206, 85, 166, 231, 55, 14, 165, 81, 212, 73, 128, 245, 37, 2, 177, 67, 221, 69, 170, 179, 108, 71, 253, 7, 192, 38, 229, 185, 106, 80, 162, 77, 155, 23, 229, 184, 87, 101, 211, 75, 206, 93, 166, 231, 61, 14, 164, 86, 212, 73, 170, 161, 125, 86, 172, 32, 146, 9, 229, 167, 54, 12, 247, 17, 146, 8, 216, 146, 71, 10, 163, 80, 207, 73, 184, 230, 55, 14, 163, 80, 207, 76, 166, 223, 37, 2, 177, 67, 221, 69, 170, 245, 106, 73, 172, 32, 146, 9, 229, 167, 54, 12, 247, 17, 146, 8, 216, 146, 71, 10, 169, 83, 209, 87, 184, 229, 41, 19, 163, 83, 212, 73, 128, 245, 37, 2, 177, 30, 247, 69, 170, 245, 37, 78, 254, 0, 156, 9, 170, 131, 85, 2, 172, 67, 138, 10, 248, 190, 118, 82, 240, 0, 152, 75, 201, 160, 119, 80, 244, 13, 137, 38, 235, 184, 96, 80, 240, 77, 171, 12, 239, 162, 117, 77, 227, 23, 174, 12, 240, 176, 15, 2, 177, 67, 221, 9, 229, 182, 100, 78, 177, 52, 209, 45, 170, 232, 37, 17, 161, 83, 209, 84, 184, 229, 15, 2, 177, 67, 221, 9, 229, 182, 100, 78, 177, 19, 133, 69, 183, 245, 104, 67, 229, 11, 211, 3, 230, 186, 106, 80, 185, 53, 173, 75, 210, 250, 55, 2, 188, 67, 170, 74, 184, 252, 15, 2, 177, 67, 221, 9, 229, 182, 100, 78, 177, 19, 132, 69, 183, 245, 104, 67, 229, 11, 211, 3, 230, 186, 106, 80, 185, 53, 173, 75, 211, 250, 55, 2, 188, 67, 181, 74, 184, 252, 15, 2, 177, 67, 221, 9, 229, 182, 100, 78, 177, 7, 143, 18, 249, 245, 56, 2, 234, 30, 247, 69, 170, 245, 37, 78, 254, 0, 156, 9, 170, 179, 112, 76, 242, 23, 148, 10, 228, 245, 65, 10, 229, 79, 141, 76, 170, 185, 106, 65, 240, 15, 221, 10, 183, 145, 119, 67, 230, 10, 147, 2, 164, 187, 96, 85, 185, 23, 212, 94, 170, 179, 106, 80, 177, 8, 209, 19, 170, 188, 107, 2, 225, 2, 148, 23, 249, 253, 117, 11, 177, 7, 146, 69, 250, 182, 100, 78, 253, 75, 155, 16, 228, 182, 113, 75, 254, 13, 213, 76, 170, 186, 94, 73, 204, 94, 139, 69, 239, 187, 97, 11, 177, 6, 147, 1, 177, 245, 106, 12, 199, 10, 142, 12, 232, 185, 96, 31, 229, 17, 136, 0, 177, 245, 97, 80, 230, 16, 166, 70, 238, 167, 114, 81, 186, 82, 160, 88, 229, 238, 37, 80, 244, 23, 136, 23, 228, 245, 106, 2, 244, 13, 153, 111, 170, 245, 37, 2, 253, 12, 158, 4, 230, 245, 99, 87, 255, 0, 137, 12, 229, 187, 37, 73, 248, 15, 145, 77, 163, 245, 99, 77, 227, 67, 162, 73, 229, 245, 108, 76, 177, 10, 141, 4, 227, 167, 118, 10, 245, 17, 138, 22, 163, 245, 97, 77, 177, 19, 158, 4, 230, 185, 45, 68, 228, 13, 158, 17, 227, 186, 107, 10, 184, 67, 146, 95, 216, 176, 104, 77, 231, 6, 213, 76, 170, 176, 107, 70, 184, 67, 152, 11, 238, 245, 96, 76, 245, 105, 221, 69, 170, 245, 65, 10, 179, 48, 140, 16, 235, 167, 96, 0, 189, 24, 174, 12, 240, 176, 56, 116, 244, 0, 137, 10, 248, 231, 43, 76, 244, 20, 213, 50, 166, 157, 44, 14, 193, 12, 142, 12, 254, 188, 106, 76, 172, 53, 152, 6, 254, 186, 119, 16, 191, 13, 152, 18, 162, 165, 125, 14, 225, 26, 212, 73, 201, 186, 105, 77, 227, 94, 190, 75, 229, 160, 113, 14, 215, 10, 145, 9, 239, 177, 56, 86, 227, 22, 152, 73, 208, 156, 107, 70, 244, 27, 192, 83, 186, 168, 44, 40, 177, 67, 221, 69, 206, 253, 39, 113, 224, 22, 156, 23, 239, 247, 41, 89, 194, 10, 135, 0, 183, 131, 96, 65, 229, 12, 143, 87, 164, 187, 96, 85, 185, 52, 208, 87, 166, 157, 40, 16, 184, 79, 173, 10, 249, 188, 113, 75, 254, 13, 192, 51, 239, 182, 113, 77, 227, 81, 211, 11, 239, 162, 45, 82, 233, 72, 204, 73, 250, 172, 46, 19, 184, 79, 190, 10, 230, 186, 119, 31, 210, 77, 156, 6, 233, 249, 67, 75, 253, 15, 152, 1, 183, 161, 119, 87, 244, 79, 167, 44, 228, 177, 96, 90, 172, 85, 204, 24, 163, 223, 37, 2, 177, 67, 185, 77, 168, 134, 116, 87, 240, 17, 152, 71, 166, 174, 86, 75, 235, 6, 192, 51, 239, 182, 113, 77, 227, 81, 211, 11, 239, 162, 45, 117, 188, 87, 209, 45, 167, 225, 44, 14, 193, 12, 142, 12, 254, 188, 106, 76, 172, 53, 152, 6, 254, 186, 119, 16, 191, 13, 152, 18, 162, 165, 125, 9, 163, 79, 141, 28, 161, 231, 44, 14, 210, 12, 145, 10, 248, 232, 70, 12, 245, 2, 143, 14, 166, 147, 108, 78, 253, 6, 153, 88, 254, 167, 112, 71, 189, 57, 180, 11, 238, 176, 125, 31, 167, 81, 128, 76, 128, 245, 37, 2, 177, 39, 213, 71, 217, 164, 112, 67, 227, 6, 223, 73, 241, 134, 108, 88, 244, 94, 171, 0, 233, 161, 106, 80, 163, 77, 147, 0, 253, 253, 82, 15, 165, 79, 207, 81, 163, 249, 85, 77, 226, 10, 137, 12, 229, 187, 56, 116, 244, 0, 137, 10, 248, 231, 43, 76, 244, 20, 213, 21, 242, 254, 55, 14, 225, 26, 214, 87, 163, 249, 70, 77, 253, 12, 143, 88, 201, 251, 109, 70, 227, 79, 187, 12, 230, 185, 96, 70, 172, 23, 143, 16, 239, 249, 95, 107, 255, 7, 152, 29, 183, 227, 55, 95, 184, 105, 221, 69, 170, 245, 65, 10, 179, 55, 152, 29, 254, 247, 41, 89, 197, 6, 133, 17, 183, 247, 102, 77, 255, 5, 148, 2, 170, 187, 100, 79, 244, 65, 209, 53, 229, 166, 108, 86, 248, 12, 147, 88, 220, 176, 102, 86, 254, 17, 207, 75, 228, 176, 114, 10, 225, 27, 214, 50, 165, 231, 41, 82, 232, 72, 204, 85, 163, 249, 67, 77, 255, 23, 192, 33, 248, 180, 114, 75, 255, 4, 211, 35, 229, 187, 113, 81, 191, 54, 180, 73, 217, 188, 127, 71, 172, 82, 201, 73, 201, 186, 105, 77, 227, 94, 190, 75, 235, 182, 102, 14, 210, 6, 147, 17, 239, 167, 56, 86, 227, 22, 152, 73, 208, 156, 107, 70, 244, 27, 192, 83, 185, 168, 44, 40, 177, 67, 221, 69, 230, 186, 102, 67, 253, 67, 155, 17, 242, 161, 37, 31, 177, 39, 213, 71, 222, 176, 125, 86, 179, 79, 134, 49, 239, 173, 113, 31, 206, 0, 155, 2, 196, 180, 104, 71, 189, 51, 146, 22, 227, 161, 108, 77, 255, 94, 171, 0, 233, 161, 106, 80, 163, 77, 147, 0, 253, 253, 117, 90, 186, 82, 201, 73, 250, 172, 46, 17, 168, 74, 209, 35, 229, 187, 113, 31, 213, 17, 156, 18, 227, 187, 98, 12, 215, 12, 147, 17, 249, 251, 80, 107, 189, 48, 148, 31, 239, 232, 52, 17, 189, 32, 146, 9, 229, 167, 56, 97, 191, 23, 133, 17, 166, 150, 96, 76, 229, 6, 143, 88, 236, 180, 105, 81, 244, 79, 167, 44, 228, 177, 96, 90, 172, 85, 201, 24, 163, 223, 37, 2, 177, 67, 145, 10, 233, 180, 105, 2, 242, 22, 143, 69, 170, 232, 37, 102, 185, 65, 169, 0, 242, 161, 39, 14, 234, 55, 152, 29, 254, 232, 39, 94, 179, 79, 173, 10, 249, 188, 113, 75, 254, 13, 192, 51, 239, 182, 113, 77, 227, 81, 211, 11, 239, 162, 45, 82, 233, 72, 204, 81, 161, 179, 113, 90, 229, 77, 169, 0, 242, 161, 71, 77, 228, 13, 153, 22, 164, 141, 41, 82, 232, 72, 206, 92, 163, 249, 67, 77, 255, 23, 192, 33, 248, 180, 114, 75, 255, 4, 211, 35, 229, 187, 113, 81, 191, 54, 180, 73, 217, 188, 127, 71, 172, 82, 206, 73, 201, 186, 105, 77, 227, 94, 190, 75, 235, 182, 102, 14, 210, 6, 147, 17, 239, 167, 56, 68, 240, 15, 142, 0, 166, 143, 76, 76, 245, 6, 133, 88, 188, 225, 120, 11, 155, 67, 221, 69, 170, 185, 106, 65, 240, 15, 221, 10, 232, 161, 107, 2, 172, 67, 185, 77, 168, 134, 116, 87, 240, 17, 152, 71, 166, 174, 86, 75, 235, 6, 192, 51, 239, 182, 113, 77, 227, 81, 211, 11, 239, 162, 45, 117, 188, 82, 203, 73, 184, 231, 44, 14, 193, 12, 142, 12, 254, 188, 106, 76, 172, 53, 152, 6, 254, 186, 119, 16, 191, 13, 152, 18, 162, 165, 125, 9, 169, 79, 141, 28, 161, 227, 51, 11, 189, 32, 146, 9, 229, 167, 56, 97, 191, 2, 158, 6, 166, 147, 108, 78, 253, 6, 153, 88, 254, 167, 112, 71, 189, 57, 180, 11, 238, 176, 125, 31, 167, 81, 128, 76, 128, 245, 37, 2, 177, 39, 213, 71, 222, 176, 125, 86, 179, 79, 134, 49, 239, 173, 113, 31, 179, 0, 146, 11, 236, 188, 119, 79, 179, 79, 173, 10, 249, 188, 113, 75, 254, 13, 192, 51, 239, 182, 113, 77, 227, 81, 211, 11, 239, 162, 45, 82, 233, 72, 170, 74, 184, 249, 117, 91, 186, 84, 207, 76, 166, 147, 106, 76, 229, 94, 185, 23, 235, 162, 108, 76, 246, 77, 187, 10, 228, 161, 118, 12, 196, 42, 209, 54, 227, 175, 96, 31, 160, 80, 209, 38, 229, 185, 106, 80, 172, 32, 211, 1, 235, 167, 110, 14, 210, 6, 147, 17, 239, 167, 56, 86, 227, 22, 152, 73, 208, 156, 107, 70, 244, 27, 192, 83, 185, 168, 44, 40, 177, 67, 221, 69, 230, 186, 102, 67, 253, 67, 148, 11, 250, 245, 56, 2, 206, 0, 155, 2, 196, 180, 104, 71, 155, 67, 221, 69, 170, 185, 106, 65, 240, 15, 221, 1, 229, 187, 96, 2, 172, 67, 155, 4, 230, 166, 96, 40, 177, 67, 221, 69, 230, 186, 102, 67, 253, 67, 159, 17, 166, 245, 103, 77, 255, 67, 192, 69, 186, 249, 37, 86, 227, 22, 152, 111, 170, 245, 37, 2, 253, 12, 158, 4, 230, 245, 102, 77, 255, 13, 142, 69, 183, 245, 126, 95, 155, 67, 221, 69, 170, 185, 106, 65, 240, 15, 221, 3, 255, 187, 102, 86, 248, 12, 147, 69, 233, 185, 45, 81, 248, 4, 209, 3, 228, 252, 37, 78, 254, 0, 156, 9, 170, 182, 56, 81, 248, 4, 199, 38, 229, 187, 107, 71, 242, 23, 213, 3, 228, 252, 62, 2, 242, 12, 147, 11, 249, 142, 38, 65, 254, 13, 147, 22, 161, 228, 88, 31, 242, 67, 152, 11, 238, 223, 37, 2, 177, 67, 145, 10, 233, 180, 105, 2, 247, 22, 147, 6, 254, 188, 106, 76, 177, 22, 141, 1, 162, 252, 37, 68, 229, 27, 137, 75, 222, 176, 125, 86, 172, 10, 147, 21, 177, 245, 102, 87, 227, 77, 173, 10, 249, 188, 113, 75, 254, 13, 192, 51, 239, 182, 113, 77, 227, 81, 211, 11, 239, 162, 45, 82, 233, 72, 204, 81, 161, 179, 113, 90, 229, 77, 169, 0, 242, 161, 71, 77, 228, 13, 153, 22, 164, 141, 41, 82, 232, 72, 206, 92, 163, 245, 96, 76, 245, 105, 221, 69, 170, 245, 105, 77, 242, 2, 145, 69, 236, 160, 107, 65, 229, 10, 146, 11, 170, 188, 107, 112, 185, 12, 133, 73, 229, 172, 41, 77, 230, 79, 146, 13, 163, 245, 105, 77, 242, 2, 145, 69, 231, 232, 80, 107, 194, 81, 199, 34, 239, 161, 72, 77, 228, 16, 152, 41, 229, 182, 100, 86, 248, 12, 147, 77, 163, 238, 37, 80, 244, 23, 136, 23, 228, 245, 104, 12, 201, 93, 146, 29, 170, 180, 107, 70, 177, 14, 211, 61, 182, 186, 125, 9, 254, 20, 221, 4, 228, 177, 37, 79, 191, 58, 195, 10, 243, 245, 100, 76, 245, 67, 144, 75, 211, 233, 106, 91, 186, 12, 149, 69, 239, 187, 97, 40, 177, 67, 221, 69, 230, 186, 102, 67, 253, 67, 155, 16, 228, 182, 113, 75, 254, 13, 221, 6, 229, 187, 99, 75, 227, 14, 213, 76, 170, 138, 102, 68, 246, 45, 156, 8, 239, 232, 108, 76, 225, 88, 221, 1, 229, 187, 96, 31, 229, 17, 136, 0, 177, 245, 110, 75, 253, 15, 213, 76, 177, 245, 99, 77, 227, 67, 162, 73, 233, 186, 37, 75, 255, 67, 148, 21, 235, 188, 119, 81, 185, 0, 146, 11, 228, 166, 44, 2, 245, 12, 221, 21, 233, 180, 105, 78, 185, 5, 136, 11, 233, 161, 108, 77, 255, 75, 212, 69, 233, 186, 63, 102, 248, 16, 158, 10, 228, 187, 96, 65, 229, 75, 212, 69, 239, 187, 97, 11, 177, 6, 147, 1, 170, 176, 107, 70, 155, 67, 221, 69, 170, 182, 105, 10, 196, 42, 174, 87, 164, 156, 107, 82, 228, 23, 191, 0, 237, 180, 107, 14, 177, 5, 136, 11, 233, 161, 108, 77, 255, 75, 148, 11, 250, 231, 41, 69, 225, 74, 247, 69, 170, 245, 37, 2, 177, 67, 221, 12, 236, 245, 97, 77, 255, 6, 221, 17, 226, 176, 107, 2, 227, 6, 137, 16, 248, 187, 37, 71, 255, 7, 247, 69, 170, 245, 37, 2, 177, 67, 221, 12, 236, 245, 108, 76, 225, 81, 211, 48, 249, 176, 119, 107, 255, 19, 136, 17, 222, 172, 117, 71, 177, 94, 192, 69, 207, 187, 112, 79, 191, 54, 142, 0, 248, 156, 107, 82, 228, 23, 169, 28, 250, 176, 43, 111, 254, 22, 142, 0, 200, 160, 113, 86, 254, 13, 204, 69, 254, 189, 96, 76, 155, 67, 221, 69, 170, 245, 37, 2, 177, 67, 221, 69, 170, 188, 99, 2, 248, 13, 175, 77, 250, 173, 46, 26, 189, 19, 132, 78, 188, 227, 41, 117, 188, 82, 203, 73, 184, 231, 44, 2, 229, 11, 152, 11, 170, 182, 106, 76, 247, 10, 143, 8, 162, 252, 62, 2, 227, 6, 137, 16, 248, 187, 37, 71, 255, 7, 247, 69, 170, 245, 37, 2, 177, 67, 221, 69, 170, 245, 37, 75, 247, 67, 147, 10, 254, 245, 108, 76, 195, 75, 141, 29, 166, 165, 124, 14, 198, 79, 181, 76, 170, 161, 109, 71, 255, 67, 158, 10, 228, 179, 108, 80, 252, 75, 212, 94, 170, 167, 96, 86, 228, 17, 147, 69, 239, 187, 97, 40, 177, 67, 221, 69, 170, 245, 37, 2, 244, 13, 153, 111, 170, 245, 37, 2, 177, 67, 221, 69, 227, 179, 37, 75, 255, 19, 207, 75, 223, 166, 96, 80, 216, 13, 141, 16, 254, 129, 124, 82, 244, 67, 131, 88, 170, 144, 107, 87, 252, 77, 168, 22, 239, 167, 76, 76, 225, 22, 137, 49, 243, 165, 96, 12, 218, 6, 132, 7, 229, 180, 119, 70, 177, 23, 149, 0, 228, 245, 119, 71, 229, 22, 143, 11, 170, 176, 107, 70, 155, 67, 221, 69, 170, 245, 37, 2, 177, 15, 146, 6, 235, 185, 37, 73, 242, 67, 192, 69, 227, 187, 117, 16, 191, 40, 152, 28, 201, 186, 97, 71, 155, 67, 221, 69, 170, 245, 37, 2, 177, 15, 146, 6, 235, 185, 37, 81, 249, 67, 192, 69, 223, 156, 86, 16, 171, 42, 142, 46, 239, 172, 65, 77, 230, 13, 213, 32, 228, 160, 104, 12, 218, 6, 132, 38, 229, 177, 96, 12, 221, 6, 155, 17, 217, 189, 108, 68, 229, 74, 221, 10, 248, 245, 80, 107, 194, 81, 199, 44, 249, 158, 96, 91, 213, 12, 138, 11, 162, 144, 107, 87, 252, 77, 182, 0, 243, 150, 106, 70, 244, 77, 175, 12, 237, 189, 113, 113, 249, 10, 155, 17, 163, 223, 37, 2, 177, 67, 221, 69, 170, 245, 105, 77, 242, 2, 145, 69, 233, 161, 119, 78, 177, 94, 221, 48, 195, 134, 55, 24, 216, 16, 182, 0, 243, 145, 106, 85, 255, 75, 184, 11, 255, 184, 43, 105, 244, 26, 190, 10, 238, 176, 43, 110, 244, 5, 137, 38, 229, 187, 113, 80, 254, 15, 212, 111, 170, 245, 37, 2, 177, 67, 221, 69, 227, 179, 37, 73, 242, 67, 192, 88, 170, 144, 107, 87, 252, 77, 182, 0, 243, 150, 106, 70, 244, 77, 175, 0, 254, 160, 119, 76, 177, 23, 149, 0, 228, 245, 102, 77, 255, 5, 148, 23, 231, 253, 44, 40, 177, 67, 221, 69, 170, 245, 37, 2, 244, 15, 142, 0, 227, 179, 37, 73, 242, 67, 192, 88, 170, 144, 107, 87, 252, 77, 182, 0, 243, 150, 106, 70, 244, 77, 191, 4, 233, 190, 118, 82, 240, 0, 152, 69, 254, 189, 96, 76, 177, 10, 155, 69, 169, 188, 107, 82, 175, 83, 221, 17, 226, 176, 107, 2, 248, 13, 141, 88, 227, 187, 117, 24, 226, 22, 159, 77, 187, 249, 40, 16, 184, 88, 221, 16, 250, 177, 45, 11, 177, 6, 147, 1, 128, 245, 37, 2, 177, 67, 221, 69, 170, 176, 105, 81, 244, 10, 155, 69, 233, 161, 119, 78, 177, 2, 147, 1, 170, 190, 102, 2, 172, 94, 221, 32, 228, 160, 104, 12, 218, 6, 132, 38, 229, 177, 96, 12, 199, 67, 137, 13, 239, 187, 15, 2, 177, 67, 221, 69, 170, 245, 37, 2, 177, 67, 221, 9, 229, 182, 100, 78, 177, 19, 207, 88, 168, 247, 37, 25, 177, 19, 158, 4, 230, 185, 45, 68, 228, 13, 158, 17, 227, 186, 107, 10, 184, 67, 148, 3, 170, 161, 124, 82, 244, 12, 155, 77, 237, 176, 113, 65, 253, 10, 141, 7, 229, 180, 119, 70, 184, 94, 192, 71, 236, 160, 107, 65, 229, 10, 146, 11, 168, 245, 113, 74, 244, 13, 221, 21, 184, 232, 98, 71, 229, 0, 145, 12, 250, 183, 106, 67, 227, 7, 213, 76, 170, 186, 119, 2, 179, 65, 221, 0, 228, 177, 37, 71, 255, 7, 212, 111, 170, 245, 37, 2, 177, 67, 221, 69, 170, 245, 37, 2, 248, 5, 221, 21, 184, 171, 56, 0, 179, 67, 137, 13, 239, 187, 37, 75, 255, 19, 192, 77, 227, 187, 117, 12, 191, 19, 207, 76, 176, 166, 112, 64, 185, 82, 209, 86, 184, 252, 62, 2, 228, 19, 153, 77, 163, 245, 96, 76, 245, 105, 221, 69, 170, 245, 37, 2, 177, 67, 152, 9, 249, 176, 15, 2, 177, 67, 221, 69, 170, 245, 37, 2, 177, 67, 221, 9, 229, 182, 100, 78, 177, 13, 192, 14, 233, 251, 75, 67, 252, 6, 198, 69, 230, 186, 102, 67, 253, 67, 158, 13, 183, 187, 108, 78, 155, 67, 221, 69, 170, 245, 37, 2, 177, 67, 221, 69, 170, 188, 99, 2, 178, 13, 192, 88, 187, 245, 100, 76, 245, 67, 147, 95, 231, 180, 113, 65, 249, 75, 223, 62, 203, 248, 95, 127, 179, 74, 221, 17, 226, 176, 107, 2, 242, 11, 192, 22, 226, 245, 100, 76, 245, 67, 147, 69, 229, 167, 37, 76, 171, 15, 146, 18, 239, 167, 45, 11, 155, 67, 221, 69, 170, 245, 37, 2, 177, 67, 221, 69, 170, 176, 105, 81, 244, 10, 155, 69, 228, 239, 104, 67, 229, 0, 149, 77, 168, 139, 32, 70, 181, 65, 212, 69, 254, 189, 96, 76, 177, 0, 149, 88, 228, 223, 37, 2, 177, 67, 221, 69, 170, 245, 37, 2, 177, 67, 152, 9, 249, 176, 108, 68, 177, 13, 192, 88, 168, 134, 117, 67, 242, 6, 223, 69, 254, 189, 96, 76, 177, 0, 149, 88, 168, 245, 39, 2, 244, 15, 142, 0, 227, 179, 37, 76, 172, 94, 223, 40, 227, 187, 112, 81, 179, 67, 137, 13, 239, 187, 37, 65, 249, 94, 142, 13, 170, 180, 107, 70, 177, 65, 162, 71, 170, 186, 119, 2, 179, 78, 223, 69, 239, 187, 97, 40, 177, 67, 221, 69, 170, 245, 37, 2, 177, 67, 221, 69, 227, 179, 37, 65, 249, 67, 156, 11, 238, 245, 38, 75, 255, 19, 193, 86, 184, 245, 113, 74, 244, 13, 221, 12, 228, 165, 56, 75, 255, 19, 211, 75, 233, 189, 62, 2, 228, 19, 153, 77, 163, 245, 96, 76, 245, 105, 221, 69, 170, 245, 37, 2, 177, 67, 152, 11, 238, 223, 37, 2, 177, 67, 152, 11, 238, 252, 15, 2, 177, 67, 221, 6, 230, 253, 87, 113, 163, 77, 181, 0, 235, 167, 113, 64, 244, 2, 137, 73, 170, 179, 112, 76, 242, 23, 148, 10, 228, 253, 97, 86, 184, 105, 221, 69, 170, 245, 37, 2, 177, 67, 148, 3, 170, 177, 106, 76, 244, 67, 137, 13, 239, 187, 37, 80, 244, 23, 136, 23, 228, 245, 96, 76, 245, 105, 221, 69, 170, 245, 37, 2, 177, 67, 159, 17, 183, 183, 113, 9, 245, 23, 198, 69, 227, 179, 37, 64, 229, 93, 192, 85, 164, 224, 37, 86, 249, 6, 147, 69, 232, 161, 56, 18, 170, 67, 159, 10, 228, 232, 107, 77, 229, 67, 159, 10, 228, 245, 96, 76, 245, 105, 221, 69, 170, 245, 37, 2, 177, 67, 158, 16, 248, 251, 83, 75, 226, 10, 159, 9, 239, 232, 103, 77, 255, 105, 221, 69, 170, 245, 37, 2, 177, 67, 146, 7, 254, 187, 43, 97, 254, 15, 146, 23, 183, 188, 107, 112, 185, 19, 133, 78, 178, 249, 117, 91, 186, 85, 203, 73, 221, 248, 52, 20, 189, 81, 207, 76, 170, 180, 107, 70, 177, 32, 146, 9, 229, 167, 54, 12, 247, 17, 146, 8, 216, 146, 71, 10, 163, 86, 200, 73, 187, 237, 48, 14, 163, 81, 205, 76, 170, 186, 119, 2, 210, 77, 156, 6, 233, 223, 37, 2, 177, 67, 152, 11, 238, 252, 15, 71, 255, 7, 128, 76, 128, 223, 105, 77, 242, 2, 145, 69, 213, 187, 100, 79, 244, 47, 156, 7, 239, 185, 37, 31, 177, 32, 155, 2, 217, 180, 115, 71, 194, 6, 158, 17, 227, 186, 107, 24, 221, 2, 159, 0, 230, 253, 39, 76, 240, 14, 152, 95, 170, 253, 107, 77, 255, 6, 212, 71, 163, 223, 113, 67, 226, 8, 211, 22, 250, 180, 114, 76, 185, 5, 136, 11, 233, 161, 108, 77, 255, 75, 212, 111, 170, 245, 37, 2, 253, 12, 158, 4, 230, 245, 105, 67, 226, 23, 221, 88, 170, 247, 39, 40, 177, 67, 221, 69, 253, 189, 108, 78, 244, 67, 137, 4, 249, 190, 43, 85, 240, 10, 137, 77, 186, 251, 55, 11, 177, 7, 146, 111, 170, 245, 37, 2, 177, 67, 221, 69, 227, 179, 37, 125, 242, 5, 154, 43, 235, 184, 96, 2, 239, 94, 221, 9, 235, 166, 113, 2, 229, 11, 152, 11, 128, 245, 37, 2, 177, 67, 221, 69, 170, 245, 37, 2, 177, 15, 156, 22, 254, 245, 56, 2, 206, 0, 155, 2, 196, 180, 104, 71, 155, 67, 221, 69, 170, 245, 37, 2, 177, 67, 221, 69, 170, 138, 107, 67, 252, 6, 177, 4, 232, 176, 105, 24, 194, 6, 137, 77, 168, 187, 100, 79, 244, 89, 221, 71, 170, 251, 43, 2, 185, 60, 158, 3, 237, 155, 100, 79, 244, 67, 192, 88, 170, 247, 39, 2, 240, 13, 153, 69, 168, 253, 107, 77, 255, 6, 212, 71, 170, 186, 119, 2, 206, 0, 155, 2, 196, 180, 104, 71, 184, 74, 247, 69, 170, 245, 37, 2, 177, 67, 221, 0, 228, 177, 15, 2, 177, 67, 221, 0, 228, 177, 15, 71, 255, 7, 212, 111, 128, 150, 99, 69, 194, 2, 139, 0, 217, 176, 102, 86, 248, 12, 147, 95, 200, 160, 113, 86, 254, 13, 213, 30, 222, 188, 113, 78, 244, 67, 192, 69, 168, 166, 100, 84, 244, 67, 158, 10, 228, 179, 108, 69, 179, 79, 221, 38, 235, 185, 105, 64, 240, 0, 150, 69, 183, 245, 99, 87, 255, 0, 137, 12, 229, 187, 45, 11, 155, 67, 221, 69, 170, 188, 99, 2, 206, 0, 155, 2, 196, 180, 104, 71, 177, 94, 192, 69, 168, 247, 37, 86, 249, 6, 147, 69, 221, 188, 107, 70, 254, 20, 211, 54, 239, 187, 97, 108, 254, 23, 148, 3, 227, 182, 100, 86, 248, 12, 147, 77, 168, 155, 106, 80, 252, 2, 145, 71, 166, 245, 39, 86, 232, 19, 152, 69, 235, 245, 107, 67, 252, 6, 221, 3, 227, 167, 118, 86, 179, 79, 221, 86, 163, 238, 37, 80, 244, 23, 136, 23, 228, 245, 96, 76, 245, 105, 221, 69, 170, 245, 108, 68, 177, 0, 155, 2, 217, 180, 115, 71, 185, 60, 158, 3, 237, 155, 100, 79, 244, 74, 221, 17, 226, 176, 107, 40, 177, 67, 221, 69, 170, 245, 37, 2, 198, 10, 147, 1, 229, 162, 43, 113, 244, 13, 153, 43, 229, 161, 108, 68, 248, 0, 156, 17, 227, 186, 107, 10, 179, 45, 146, 23, 231, 180, 105, 0, 189, 67, 223, 22, 235, 163, 96, 70, 171, 67, 223, 69, 164, 251, 37, 125, 242, 5, 154, 43, 235, 184, 96, 14, 177, 80, 212, 111, 170, 245, 37, 2, 177, 67, 221, 69, 213, 182, 99, 69, 195, 6, 155, 23, 239, 166, 109, 110, 248, 16, 137, 77, 163, 223, 37, 2, 177, 67, 152, 9, 249, 176, 15, 2, 177, 67, 221, 69, 170, 245, 37, 117, 248, 13, 153, 10, 253, 251, 86, 71, 255, 7, 179, 10, 254, 188, 99, 75, 242, 2, 137, 12, 229, 187, 45, 0, 223, 12, 143, 8, 235, 185, 39, 14, 177, 65, 142, 4, 252, 176, 37, 68, 240, 10, 145, 0, 238, 247, 41, 2, 162, 74, 247, 69, 170, 245, 37, 71, 255, 7, 247, 0, 228, 177, 120, 11, 155, 105, 190, 3, 237, 134, 100, 84, 244, 48, 152, 6, 254, 188, 106, 76, 171, 33, 136, 17, 254, 186, 107, 10, 234, 55, 148, 17, 230, 176, 37, 31, 177, 65, 143, 0, 249, 176, 113, 2, 240, 15, 145, 69, 254, 186, 37, 70, 244, 5, 156, 16, 230, 161, 118, 0, 189, 67, 190, 4, 230, 185, 103, 67, 242, 8, 221, 88, 170, 179, 112, 76, 242, 23, 148, 10, 228, 253, 44, 40, 177, 67, 221, 69, 236, 186, 119, 2, 247, 15, 156, 2, 166, 245, 113, 77, 246, 67, 148, 11, 170, 165, 100, 75, 227, 16, 213, 41, 227, 183, 119, 67, 227, 26, 211, 58, 254, 186, 98, 69, 253, 6, 142, 69, 229, 167, 37, 89, 236, 74, 221, 1, 229, 223, 37, 2, 177, 67, 221, 69, 170, 245, 108, 68, 177, 23, 146, 2, 164, 129, 106, 69, 246, 15, 152, 1, 170, 161, 109, 71, 255, 67, 137, 10, 237, 239, 86, 71, 229, 75, 155, 4, 230, 166, 96, 11, 177, 6, 147, 1, 128, 245, 37, 2, 177, 6, 147, 1, 128, 245, 37, 2, 177, 52, 148, 11, 238, 186, 114, 12, 194, 6, 147, 1, 196, 186, 113, 75, 247, 10, 158, 4, 254, 188, 106, 76, 185, 65, 179, 10, 248, 184, 100, 78, 179, 79, 221, 71, 235, 185, 105, 2, 229, 12, 154, 2, 230, 176, 118, 2, 227, 6, 142, 0, 254, 247, 41, 2, 162, 74, 247, 0, 228, 177, 120, 11, 155, 105, 208, 72, 170, 55, 145, 162, 115, 247, 125, 69, 201, 186, 107, 68, 248, 4, 221, 9, 227, 166, 113, 2, 115, 247, 125, 135, 30, 85, 231, 182, 17, 129, 105, 229, 104, 65, 133, 192, 5, 227, 31, 241, 10, 55, 145, 162, 115, 247, 125, 135, 30, 85, 231, 182, 17, 129, 105, 229, 104, 65, 133, 192, 5, 227, 31, 241, 10, 55, 145, 162, 115, 247, 125, 135, 30, 85, 231, 182, 17, 129, 105, 229, 104, 65, 133, 192, 5, 227, 31, 241, 10, 55, 145, 162, 115, 247, 125, 135, 30, 85, 231, 182, 17, 129, 105, 229, 104, 65, 133, 192, 5, 227, 31, 241, 10, 55, 145, 162, 115, 247, 125, 135, 30, 85, 231, 182, 17, 129, 105, 229, 104, 65, 133, 192, 5, 227, 31, 241, 10, 55, 145, 162, 115, 247, 125, 135, 30, 85, 231, 182, 17, 129, 105, 229, 104, 65, 133, 192, 5, 227, 31, 241, 10, 55, 145, 162, 115, 247, 125, 135, 30, 85, 231, 182, 17, 129, 105, 229, 104, 65, 133, 192, 5, 227, 31, 241, 10, 55, 145, 162, 115, 247, 125, 135, 30, 85, 231, 182, 17, 129, 105, 229, 104, 65, 133, 192, 5, 227, 31, 241, 10, 223, 105, 77, 242, 2, 145, 69, 213, 152, 68, 122, 206, 48, 181, 42, 221, 245, 37, 31, 177, 91, 247, 9, 229, 182, 100, 78, 177, 60, 158, 3, 237, 153, 100, 64, 244, 15, 142, 69, 183, 245, 126, 95, 155, 5, 146, 23, 170, 188, 37, 31, 177, 82, 209, 69, 213, 152, 68, 122, 206, 48, 181, 42, 221, 245, 97, 77, 155, 67, 221, 69, 170, 138, 102, 68, 246, 47, 156, 7, 239, 185, 118, 121, 248, 62, 221, 88, 170, 150, 99, 69, 221, 10, 142, 17, 217, 176, 102, 86, 248, 12, 147, 95, 198, 180, 103, 71, 253, 75, 148, 69, 164, 251, 37, 0, 191, 67, 208, 72, 167, 247, 44, 40, 244, 13, 153, 111, 230, 186, 102, 67, 253, 67, 162, 6, 236, 178, 70, 77, 228, 13, 137, 41, 235, 183, 96, 78, 177, 94, 221, 38, 236, 178, 73, 75, 226, 23, 174, 0, 233, 161, 108, 77, 255, 89, 177, 4, 232, 176, 105, 10, 179, 83, 221, 6, 229, 187, 99, 75, 246, 16, 221, 69, 246, 245, 37, 82, 240, 4, 152, 69, 187, 247, 44, 40, 253, 12, 158, 4, 230, 245, 90, 65, 247, 4, 173, 4, 237, 176, 37, 2, 172, 67, 204, 111, 230, 186, 102, 67, 253, 67, 162, 6, 236, 178, 75, 67, 252, 6, 142, 69, 183, 245, 126, 95, 155, 15, 146, 6, 235, 185, 37, 125, 226, 6, 145, 0, 233, 161, 96, 70, 194, 15, 146, 17, 170, 232, 37, 19, 155, 15, 146, 6, 235, 185, 37, 125, 226, 15, 146, 17, 198, 180, 103, 71, 253, 67, 192, 69, 201, 179, 98, 110, 248, 16, 137, 54, 239, 182, 113, 75, 254, 13, 199, 41, 235, 183, 96, 78, 185, 65, 142, 0, 230, 176, 102, 86, 244, 7, 199, 69, 162, 187, 106, 76, 244, 74, 223, 76, 128, 223, 105, 77, 242, 2, 145, 69, 236, 160, 107, 65, 229, 10, 146, 11, 170, 138, 119, 71, 255, 7, 152, 23, 218, 180, 98, 71, 185, 74, 247, 69, 170, 245, 37, 78, 254, 0, 156, 9, 170, 166, 113, 67, 227, 23, 221, 88, 170, 253, 90, 65, 247, 4, 173, 4, 237, 176, 37, 15, 177, 82, 212, 69, 160, 245, 90, 111, 208, 59, 162, 54, 194, 154, 82, 2, 186, 67, 204, 111, 170, 245, 37, 2, 253, 12, 158, 4, 230, 245, 104, 67, 233, 51, 156, 2, 239, 245, 56, 2, 252, 2, 137, 13, 164, 184, 100, 90, 185, 82, 209, 69, 231, 180, 113, 74, 191, 0, 152, 12, 230, 253, 38, 125, 242, 5, 154, 43, 235, 184, 96, 81, 177, 76, 221, 58, 199, 148, 93, 125, 194, 43, 178, 50, 163, 252, 15, 2, 177, 67, 221, 58, 233, 179, 98, 97, 254, 22, 147, 17, 198, 180, 103, 71, 253, 89, 174, 0, 254, 253, 38, 125, 242, 5, 154, 43, 235, 184, 96, 81, 177, 77, 211, 69, 168, 245, 102, 77, 255, 5, 148, 2, 249, 245, 37, 94, 177, 67, 141, 4, 237, 176, 37, 0, 177, 77, 211, 69, 213, 182, 99, 69, 193, 2, 154, 0, 170, 251, 43, 2, 179, 76, 223, 69, 164, 251, 37, 79, 240, 27, 173, 4, 237, 176, 44, 40, 177, 67, 221, 69, 236, 186, 119, 2, 248, 67, 192, 69, 187, 249, 37, 125, 220, 34, 165, 58, 217, 157, 74, 117, 177, 7, 146, 111, 170, 245, 37, 2, 177, 67, 221, 69, 230, 186, 102, 67, 253, 67, 148, 1, 242, 245, 56, 2, 226, 23, 156, 23, 254, 245, 46, 2, 248, 67, 208, 69, 187, 223, 37, 2, 177, 67, 221, 69, 170, 245, 90, 65, 247, 4, 177, 4, 232, 176, 105, 81, 202, 10, 160, 95, 217, 176, 113, 10, 248, 67, 211, 75, 170, 247, 43, 2, 179, 67, 211, 75, 170, 253, 90, 65, 247, 4, 179, 4, 231, 176, 118, 121, 248, 7, 133, 56, 170, 186, 119, 2, 179, 78, 208, 72, 168, 252, 44, 40, 177, 67, 221, 69, 239, 187, 97, 40, 177, 67, 221, 69, 230, 186, 102, 67, 253, 67, 148, 1, 242, 245, 56, 2, 226, 23, 156, 23, 254, 245, 46, 2, 206, 16, 152, 9, 239, 182, 113, 71, 245, 48, 145, 10, 254, 245, 40, 2, 160, 105, 221, 69, 170, 245, 90, 81, 253, 12, 137, 41, 235, 183, 96, 78, 171, 48, 152, 17, 162, 247, 118, 71, 253, 6, 158, 17, 239, 177, 63, 2, 179, 67, 211, 75, 170, 253, 90, 65, 247, 4, 179, 4, 231, 176, 118, 121, 248, 7, 133, 56, 170, 186, 119, 2, 179, 75, 152, 8, 250, 161, 124, 11, 179, 74, 212, 111, 239, 187, 97, 40, 155, 5, 136, 11, 233, 161, 108, 77, 255, 67, 162, 6, 236, 178, 87, 71, 247, 17, 152, 22, 226, 153, 108, 81, 229, 75, 212, 111, 170, 245, 37, 2, 206, 0, 155, 2, 196, 180, 104, 71, 226, 67, 192, 69, 233, 179, 98, 110, 248, 16, 137, 69, 235, 187, 97, 2, 242, 5, 154, 41, 227, 166, 113, 10, 184, 67, 146, 23, 170, 174, 120, 40, 177, 67, 221, 69, 254, 180, 103, 78, 244, 77, 142, 10, 248, 161, 45, 125, 242, 5, 154, 43, 235, 184, 96, 81, 184, 105, 221, 69, 170, 245, 90, 80, 244, 13, 153, 0, 248, 133, 100, 69, 244, 75, 212, 111, 239, 187, 97, 40, 155, 32, 155, 2, 198, 188, 118, 86, 194, 6, 158, 17, 227, 186, 107, 24, 213, 17, 146, 21, 238, 186, 114, 76, 185, 24, 247, 69, 170, 245, 37, 118, 248, 23, 145, 0, 170, 232, 37, 0, 226, 15, 146, 17, 168, 249, 37, 100, 253, 2, 154, 69, 183, 245, 39, 97, 247, 4, 174, 9, 229, 161, 39, 14, 155, 67, 221, 69, 170, 153, 108, 81, 229, 67, 192, 69, 241, 247, 52, 0, 189, 65, 207, 71, 166, 247, 54, 0, 189, 65, 201, 71, 166, 247, 48, 0, 189, 65, 203, 71, 166, 247, 50, 0, 189, 65, 197, 71, 247, 249, 37, 102, 244, 5, 156, 16, 230, 161, 37, 31, 177, 65, 204, 71, 166, 223, 37, 2, 177, 67, 190, 4, 230, 185, 103, 67, 242, 8, 221, 88, 170, 179, 112, 76, 242, 23, 148, 10, 228, 253, 115, 11, 155, 67, 221, 69, 170, 245, 37, 2, 177, 60, 142, 0, 230, 176, 102, 86, 244, 7, 174, 9, 229, 161, 37, 31, 177, 23, 146, 11, 255, 184, 103, 71, 227, 75, 139, 76, 170, 186, 119, 2, 160, 105, 221, 69, 170, 245, 37, 2, 177, 67, 145, 10, 233, 180, 105, 2, 248, 7, 133, 69, 183, 245, 45, 125, 242, 5, 154, 53, 235, 178, 96, 2, 188, 67, 204, 76, 170, 255, 37, 125, 220, 34, 165, 58, 217, 157, 74, 117, 177, 72, 221, 58, 249, 176, 105, 71, 242, 23, 152, 1, 217, 185, 106, 86, 155, 67, 221, 69, 170, 245, 37, 2, 177, 60, 142, 9, 229, 161, 73, 67, 243, 6, 145, 95, 217, 176, 113, 10, 179, 16, 152, 9, 239, 182, 113, 71, 245, 89, 221, 71, 170, 251, 43, 2, 185, 60, 158, 3, 237, 155, 100, 79, 244, 16, 166, 12, 238, 173, 88, 2, 254, 17, 221, 71, 162, 176, 104, 82, 229, 26, 212, 71, 163, 252, 15, 2, 177, 67, 221, 0, 228, 177, 15, 95, 184, 105, 247, 38, 236, 178, 73, 75, 226, 23, 174, 0, 233, 161, 108, 77, 255, 89, 191, 16, 254, 161, 106, 76, 185, 24, 169, 12, 254, 185, 96, 2, 172, 67, 223, 89, 170, 165, 119, 71, 231, 67, 141, 4, 237, 176, 39, 14, 177, 32, 156, 9, 230, 183, 100, 65, 250, 67, 192, 69, 236, 160, 107, 65, 229, 10, 146, 11, 162, 252, 15, 2, 177, 67, 221, 12, 236, 245, 90, 65, 247, 4, 173, 4, 237, 176, 37, 28, 177, 82, 221, 17, 226, 176, 107, 2, 206, 0, 155, 2, 218, 180, 98, 71, 177, 94, 221, 58, 233, 179, 98, 114, 240, 4, 152, 69, 167, 245, 52, 25, 177, 60, 143, 0, 228, 177, 96, 80, 193, 2, 154, 0, 162, 252, 37, 71, 255, 7, 247, 0, 228, 177, 120, 11, 155, 32, 155, 2, 198, 188, 118, 86, 194, 6, 158, 17, 227, 186, 107, 24, 211, 22, 137, 17, 229, 187, 45, 89, 197, 10, 137, 9, 239, 245, 56, 2, 179, 13, 152, 29, 254, 245, 117, 67, 246, 6, 221, 91, 168, 249, 37, 97, 240, 15, 145, 7, 235, 182, 110, 2, 172, 67, 155, 16, 228, 182, 113, 75, 254, 13, 213, 76, 128, 245, 37, 2, 177, 15, 146, 6, 235, 185, 37, 79, 240, 27, 173, 4, 237, 176, 37, 31, 177, 14, 156, 17, 226, 251, 104, 67, 233, 75, 204, 73, 170, 184, 100, 86, 249, 77, 158, 0, 227, 185, 45, 1, 206, 0, 155, 2, 196, 180, 104, 71, 226, 67, 210, 69, 213, 152, 68, 122, 206, 48, 181, 42, 221, 252, 44, 40, 177, 67, 221, 69, 227, 179, 37, 125, 242, 5, 154, 53, 235, 178, 96, 2, 173, 67, 144, 4, 242, 133, 100, 69, 244, 67, 137, 13, 239, 187, 37, 125, 242, 5, 154, 53, 235, 178, 96, 2, 172, 67, 162, 6, 236, 178, 85, 67, 246, 6, 221, 78, 170, 228, 62, 2, 206, 17, 152, 11, 238, 176, 119, 114, 240, 4, 152, 77, 163, 245, 96, 76, 245, 105, 152, 11, 238, 168, 44, 40, 210, 5, 154, 41, 227, 166, 113, 113, 244, 0, 137, 12, 229, 187, 63, 96, 228, 23, 137, 10, 228, 253, 126, 118, 248, 23, 145, 0, 170, 232, 37, 0, 175, 67, 145, 10, 235, 177, 37, 81, 244, 15, 152, 6, 254, 176, 97, 0, 189, 67, 190, 4, 230, 185, 103, 67, 242, 8, 221, 88, 170, 179, 112, 76, 242, 23, 148, 10, 228, 253, 44, 40, 177, 67, 221, 69, 230, 186, 102, 67, 253, 67, 148, 1, 242, 245, 56, 2, 185, 60, 158, 3, 237, 133, 100, 69, 244, 67, 208, 69, 187, 252, 37, 8, 177, 60, 176, 36, 210, 138, 86, 106, 222, 52, 221, 78, 170, 138, 118, 71, 253, 6, 158, 17, 239, 177, 86, 78, 254, 23, 247, 69, 170, 245, 37, 78, 254, 0, 156, 9, 170, 187, 100, 79, 244, 67, 192, 69, 213, 182, 99, 69, 223, 2, 144, 0, 249, 142, 108, 70, 233, 62, 247, 69, 170, 245, 37, 75, 247, 67, 147, 10, 254, 245, 107, 67, 252, 6, 221, 17, 226, 176, 107, 2, 198, 10, 147, 1, 229, 162, 43, 113, 244, 13, 153, 43, 229, 161, 108, 68, 248, 0, 156, 17, 227, 186, 107, 10, 179, 45, 146, 23, 231, 180, 105, 0, 189, 67, 223, 22, 230, 186, 113, 2, 248, 16, 221, 0, 231, 165, 113, 91, 179, 79, 221, 86, 163, 238, 37, 80, 244, 23, 136, 23, 228, 245, 96, 76, 245, 105, 221, 69, 170, 245, 108, 68, 177, 0, 155, 2, 198, 186, 100, 70, 185, 13, 156, 8, 239, 252, 37, 86, 249, 6, 147, 69, 221, 188, 107, 70, 254, 20, 211, 54, 239, 187, 97, 108, 254, 23, 148, 3, 227, 182, 100, 86, 248, 12, 147, 77, 168, 155, 106, 80, 252, 2, 145, 71, 166, 245, 39, 78, 254, 2, 153, 0, 238, 239, 37, 0, 177, 77, 211, 69, 228, 180, 104, 71, 189, 67, 206, 76, 128, 245, 37, 2, 177, 6, 145, 22, 239, 245, 82, 75, 255, 7, 146, 18, 164, 134, 96, 76, 245, 45, 146, 17, 227, 179, 108, 65, 240, 23, 148, 10, 228, 253, 39, 108, 254, 17, 144, 4, 230, 247, 41, 2, 179, 15, 146, 4, 238, 245, 99, 67, 248, 15, 152, 1, 168, 249, 37, 17, 184, 67, 152, 11, 238, 223, 96, 76, 245, 30, 212, 111, 201, 179, 98, 110, 248, 16, 137, 54, 239, 182, 113, 75, 254, 13, 199, 39, 255, 161, 113, 77, 255, 75, 134, 49, 227, 161, 105, 71, 177, 94, 221, 71, 210, 245, 97, 71, 253, 6, 137, 0, 170, 166, 96, 78, 244, 0, 137, 0, 238, 247, 41, 2, 210, 2, 145, 9, 232, 180, 102, 73, 177, 94, 221, 3, 255, 187, 102, 86, 248, 12, 147, 77, 163, 223, 37, 2, 177, 67, 145, 10, 233, 180, 105, 2, 248, 7, 133, 69, 183, 245, 45, 125, 242, 5, 154, 53, 235, 178, 96, 2, 188, 67, 204, 76, 170, 255, 37, 125, 220, 34, 165, 58, 217, 157, 74, 117, 177, 72, 221, 58, 249, 176, 105, 71, 242, 23, 152, 1, 217, 185, 106, 86, 155, 67, 221, 69, 170, 185, 106, 65, 240, 15, 221, 11, 235, 184, 96, 2, 172, 67, 162, 6, 236, 178, 75, 67, 252, 6, 142, 62, 227, 177, 125, 127, 155, 67, 221, 69, 170, 188, 99, 2, 255, 12, 137, 69, 228, 180, 104, 71, 177, 23, 149, 0, 228, 245, 82, 75, 255, 7, 146, 18, 164, 134, 96, 76, 245, 45, 146, 17, 227, 179, 108, 65, 240, 23, 148, 10, 228, 253, 39, 108, 254, 17, 144, 4, 230, 247, 41, 2, 179, 16, 145, 10, 254, 245, 108, 81, 177, 6, 144, 21, 254, 172, 39, 14, 177, 80, 212, 94, 170, 167, 96, 86, 228, 17, 147, 69, 239, 187, 97, 40, 177, 67, 221, 69, 233, 179, 98, 102, 244, 15, 152, 17, 239, 253, 107, 67, 252, 6, 212, 111, 170, 245, 37, 2, 198, 10, 147, 1, 229, 162, 43, 113, 244, 13, 153, 43, 229, 161, 108, 68, 248, 0, 156, 17, 227, 186, 107, 10, 179, 45, 146, 23, 231, 180, 105, 0, 189, 67, 223, 1, 239, 185, 96, 86, 244, 7, 199, 69, 168, 245, 43, 12, 177, 13, 156, 8, 239, 249, 37, 17, 184, 105, 221, 69, 170, 245, 90, 65, 247, 4, 175, 0, 236, 167, 96, 81, 249, 47, 148, 22, 254, 253, 44, 40, 244, 13, 153, 24, 163, 223, 70, 68, 246, 47, 148, 22, 254, 134, 96, 65, 229, 10, 146, 11, 176, 151, 112, 86, 229, 12, 147, 77, 241, 129, 108, 86, 253, 6, 221, 88, 170, 247, 94, 112, 204, 67, 143, 0, 236, 167, 96, 81, 249, 67, 145, 12, 249, 161, 39, 14, 177, 32, 156, 9, 230, 183, 100, 65, 250, 67, 192, 69, 236, 160, 107, 65, 229, 10, 146, 11, 162, 252, 15, 2, 177, 67, 221, 58, 233, 179, 98, 112, 244, 5, 143, 0, 249, 189, 73, 75, 226, 23, 213, 76, 128, 245, 37, 2, 177, 52, 148, 11, 238, 186, 114, 12, 194, 6, 147, 1, 196, 186, 113, 75, 247, 10, 158, 4, 254, 188, 106, 76, 185, 65, 179, 10, 248, 184, 100, 78, 179, 79, 221, 70, 213, 182, 99, 69, 223, 2, 144, 0, 249, 245, 43, 12, 177, 65, 221, 6, 229, 187, 99, 75, 246, 16, 221, 3, 229, 160, 107, 70, 179, 79, 221, 86, 163, 223, 96, 76, 245, 30, 212, 111, 128, 161, 100, 81, 250, 77, 142, 21, 235, 162, 107, 10, 247, 22, 147, 6, 254, 188, 106, 76, 185, 74, 221, 17, 235, 166, 110, 12, 230, 2, 148, 17, 162, 228, 44, 25, 177, 60, 158, 3, 237, 135, 96, 68, 227, 6, 142, 13, 198, 188, 118, 86, 185, 74, 221, 0, 228, 177, 44, 40, 155, 60, 186, 75, 207, 157, 90, 97, 254, 13, 155, 12, 237, 129, 100, 64, 177, 94, 221, 38, 229, 187, 99, 75, 246, 55, 156, 7}
local zKRGEx90B18zH8 = {101, 138, 213, 5, 34, 145, 99, 253}
local iNaAiyMYPJVcHy = {}
for oSic0GFqjDKJSf = 1, #xuGsVQ0EGGSQDz do
    iNaAiyMYPJVcHy[oSic0GFqjDKJSf] = fzMbBgo0AzYbIV(xuGsVQ0EGGSQDz[oSic0GFqjDKJSf],zKRGEx90B18zH8[((oSic0GFqjDKJSf-1)%#zKRGEx90B18zH8)+1])
end
local gccKhBvxSCbxVK = ''
for kwgKJX6MxgQTQs=1,#iNaAiyMYPJVcHy,256 do
    local KzjOjIsNdVJfLE=kwgKJX6MxgQTQs+255
    if KzjOjIsNdVJfLE>#iNaAiyMYPJVcHy then KzjOjIsNdVJfLE=#iNaAiyMYPJVcHy end
    local _t={}
    for _i=kwgKJX6MxgQTQs,KzjOjIsNdVJfLE do _t[#_t+1]=iNaAiyMYPJVcHy[_i] end
    gccKhBvxSCbxVK=gccKhBvxSCbxVK..string.char(unpack(_t))
end
local NcMlVIesreHUUi = loadstring or load
local Qubc4kbXfHixGx, c86C7xphFdcBwA = NcMlVIesreHUUi(gccKhBvxSCbxVK)
if not Qubc4kbXfHixGx then error(c86C7xphFdcBwA) end
Qubc4kbXfHixGx()

